15 3

 0 94 65 49 72 79 142 138 161 185 45 36 55 48 131
 94 0 75 116 65 69 207 190 149 175 66 98 80 106 180
 65 75 0 78 83 36 166 150 151 200 46 76 29 88 162
 49 116 78 0 96 93 126 146 182 208 66 57 64 60 155
 72 65 83 96 0 85 188 177 149 145 55 72 79 74 156
 79 69 36 93 85 0 182 165 153 203 55 89 45 101 173
 142 207 166 126 188 182 0 205 242 270 126 119 121 125 217
 138 190 150 146 177 165 205 0 224 260 108 117 104 128 207
 161 149 151 182 149 153 242 224 0 235 101 134 119 144 217
 185 175 200 208 145 203 270 260 235 0 140 151 164 149 238
 45 66 46 66 55 55 126 108 101 140 0 53 42 64 136
 36 98 76 57 72 89 119 117 134 151 53 0 64 43 132
 55 80 29 64 79 45 121 104 119 164 42 64 0 79 153
 48 106 88 60 74 101 125 128 144 149 64 43 79 0 143
 131 180 162 155 156 173 217 207 217 238 136 132 153 143 0

 0 184 161 40 165 177 43 135 66 81 146 27 156 139 30
 184 0 236 172 223 232 173 252 119 136 232 154 246 262 144
 161 236 0 138 245 203 136 216 125 165 216 136 199 248 130
 40 172 138 0 188 190 26 142 86 103 166 47 164 150 53
 165 223 245 188 0 250 156 241 121 108 223 130 247 232 122
 177 232 203 190 250 0 153 232 128 169 226 150 216 262 142
 43 173 136 26 156 153 0 141 86 105 166 49 161 155 55
 135 252 216 142 241 232 141 0 132 159 212 111 208 222 109
 66 119 125 86 121 128 86 132 0 72 143 66 161 176 57
 81 136 165 103 108 169 105 159 72 0 177 78 201 176 73
 146 232 216 166 223 226 166 212 143 177 0 116 215 227 107
 27 154 136 47 130 150 49 111 66 78 116 0 164 133 30
 156 246 199 164 247 216 161 208 161 201 215 164 0 242 124
 139 262 248 150 232 262 155 222 176 176 227 133 242 0 108
 30 144 130 53 122 142 55 109 57 73 107 30 124 108 0

 0 89 168 147 75 86 48 40 68 184 49 131 64 145 41
 89 0 171 207 61 69 106 85 49 167 63 186 82 196 83
 168 171 0 241 151 108 137 117 123 264 115 236 103 250 137
 147 207 241 0 161 162 94 110 151 269 132 214 135 219 127
 75 61 151 161 0 91 93 78 55 143 58 166 87 170 65
 86 69 108 162 91 0 89 68 61 203 60 185 55 199 84
 48 106 137 94 93 89 0 41 83 203 64 148 64 156 61
 40 85 117 110 78 68 41 0 63 191 44 144 45 157 49
 68 49 123 151 55 61 83 63 0 168 39 163 62 175 61
 184 167 264 269 143 203 203 191 168 0 140 242 169 242 144
 49 63 115 132 58 60 64 44 39 140 0 147 50 160 45
 131 186 236 214 166 185 148 144 163 242 147 0 133 200 102
 64 82 103 135 87 55 64 45 62 169 50 133 0 179 66
 145 196 250 219 170 199 156 157 175 242 160 200 179 0 114
 41 83 137 127 65 84 61 49 61 144 45 102 66 114 0

 0 26 36 18 14 30 10 26 20 16 28 26 16 16 22
 62 0 90 72 68 84 64 80 74 70 82 80 70 70 76
 92 110 0 102 98 114 94 110 104 100 112 110 100 100 106
 38 56 66 0 44 60 40 56 50 46 58 56 46 46 52
 26 44 54 36 0 48 28 44 38 34 46 44 34 34 40
 74 92 102 84 80 0 76 92 86 82 94 92 82 82 88
 14 32 42 24 20 36 0 32 26 22 34 32 22 22 28
 62 80 90 72 68 84 64 0 74 70 82 80 70 70 76
 44 62 72 54 50 66 46 62 0 52 64 62 52 52 58
 32 50 60 42 38 54 34 50 44 0 52 50 40 40 46
 68 86 96 78 74 90 70 86 80 76 0 86 76 76 82
 62 80 90 72 68 84 64 80 74 70 82 0 70 70 76
 32 50 60 42 38 54 34 50 44 40 52 50 0 40 46
 32 50 60 42 38 54 34 50 44 40 52 50 40 0 46
 50 68 78 60 56 72 52 68 62 58 70 68 58 58 0

 0 86 82 80 88 78 70 92 78 76 76 90 96 68 80
 82 0 76 74 82 72 64 86 72 70 70 84 90 62 74
 70 68 0 62 70 60 52 74 60 58 58 72 78 50 62
 64 62 58 0 64 54 46 68 54 52 52 66 72 44 56
 88 86 82 80 0 78 70 92 78 76 76 90 96 68 80
 58 56 52 50 58 0 40 62 48 46 46 60 66 38 50
 34 32 28 26 34 24 0 38 24 22 22 36 42 14 26
 100 98 94 92 100 90 82 0 90 88 88 102 108 80 92
 58 56 52 50 58 48 40 62 0 46 46 60 66 38 50
 52 50 46 44 52 42 34 56 42 0 40 54 60 32 44
 52 50 46 44 52 42 34 56 42 40 0 54 60 32 44
 94 92 88 86 94 84 76 98 84 82 82 0 102 74 86
 112 110 106 104 112 102 94 116 102 100 100 114 0 92 104
 28 26 22 20 28 18 10 32 18 16 16 30 36 0 20
 64 62 58 56 64 54 46 68 54 52 52 66 72 44 0

 0 92 86 88 94 100 86 104 90 92 82 86 88 80 94
 68 0 50 52 58 64 50 68 54 56 46 50 52 44 58
 50 38 0 34 40 46 32 50 36 38 28 32 34 26 40
 56 44 38 0 46 52 38 56 42 44 34 38 40 32 46
 74 62 56 58 0 70 56 74 60 62 52 56 58 50 64
 92 80 74 76 82 0 74 92 78 80 70 74 76 68 82
 50 38 32 34 40 46 0 50 36 38 28 32 34 26 40
 104 92 86 88 94 100 86 0 90 92 82 86 88 80 94
 62 50 44 46 52 58 44 62 0 50 40 44 46 38 52
 68 56 50 52 58 64 50 68 54 0 46 50 52 44 58
 38 26 20 22 28 34 20 38 24 26 0 20 22 14 28
 50 38 32 34 40 46 32 50 36 38 28 0 34 26 40
 56 44 38 40 46 52 38 56 42 44 34 38 0 32 46
 32 20 14 16 22 28 14 32 18 20 10 14 16 0 22
 74 62 56 58 64 70 56 74 60 62 52 56 58 50 0