16 4

 0 176 82 185 163 124 168 79 115 116 85 62 56 198 156 219
 176 0 175 278 202 170 272 138 149 154 174 138 127 227 245 288
 82 175 0 134 199 101 142 66 108 103 35 55 77 203 143 176
 185 278 134 0 272 166 207 136 176 170 97 127 150 273 215 235
 163 202 199 272 0 176 263 139 158 162 169 134 120 236 238 289
 124 170 101 166 176 0 212 62 52 42 93 83 99 170 189 167
 168 272 142 207 263 212 0 143 186 182 115 127 144 278 212 257
 79 138 66 136 139 62 143 0 62 59 65 40 57 157 149 170
 115 149 108 176 158 52 186 62 0 32 102 80 88 146 189 189
 116 154 103 170 162 42 182 59 32 0 98 79 90 152 188 181
 85 174 35 97 169 93 115 65 102 98 0 56 80 201 146 166
 62 138 55 127 134 83 127 40 80 79 56 0 45 171 130 179
 56 127 77 150 120 99 144 57 88 90 80 45 0 172 148 202
 198 227 203 273 236 170 278 157 146 152 201 171 172 0 247 265
 156 245 143 215 238 189 212 149 189 188 146 130 148 247 0 246
 219 288 176 235 289 167 257 170 189 181 166 179 202 265 246 0

 0 234 143 245 125 285 135 241 176 183 150 223 210 160 126 184
 234 0 171 273 99 266 174 235 145 156 174 234 216 124 150 188
 143 171 0 132 99 200 47 166 107 108 38 154 169 103 51 79
 245 273 132 0 171 264 111 235 174 174 99 225 241 172 122 137
 125 99 99 171 0 208 101 172 90 100 105 166 145 69 79 125
 285 266 200 264 208 0 183 228 117 113 162 248 257 136 163 136
 135 174 47 111 101 183 0 179 121 123 54 162 172 114 56 96
 241 235 166 235 172 228 179 0 127 130 134 205 215 123 123 139
 176 145 107 174 90 117 121 127 0 37 105 179 180 46 97 92
 183 156 108 174 100 113 123 130 37 0 104 181 185 55 99 87
 150 174 38 99 105 162 54 134 105 104 0 157 174 103 56 71
 223 234 154 225 166 248 162 205 179 181 157 0 203 137 104 148
 210 216 169 241 145 257 172 215 180 185 174 203 0 133 117 166
 160 124 103 172 69 136 114 123 46 55 103 137 133 0 89 102
 126 150 51 122 79 163 56 123 97 99 56 104 117 89 0 88
 184 188 79 137 125 136 96 139 92 87 71 148 166 102 88 0

 0 171 76 184 64 124 166 177 210 211 183 161 54 99 154 119
 171 0 169 277 103 170 270 236 244 249 272 237 125 128 243 188
 76 169 0 133 100 101 140 164 203 198 133 154 75 104 141 76
 184 277 133 0 176 169 208 237 274 268 198 229 151 177 216 138
 64 103 100 176 0 113 198 174 190 194 204 170 55 74 173 126
 124 170 101 169 113 0 214 164 151 141 195 186 101 75 191 71
 166 270 140 208 198 214 0 243 283 279 215 228 144 181 212 159
 177 236 164 237 174 164 243 0 225 222 231 207 123 126 215 138
 210 244 203 274 190 151 283 225 0 194 267 246 153 114 254 156
 211 249 198 268 194 141 279 222 194 0 263 245 155 120 253 148
 183 272 133 198 204 195 215 231 267 263 0 223 146 170 212 134
 161 237 154 229 170 186 228 207 246 245 223 0 113 142 198 149
 54 125 75 151 55 101 144 123 153 155 146 113 0 75 148 104
 99 128 104 177 74 75 181 126 114 120 170 142 75 0 183 103
 154 243 141 216 173 191 212 215 254 253 212 198 148 183 0 148
 119 188 76 138 126 71 159 138 156 148 134 149 104 103 148 0

 0 173 80 82 159 117 165 84 209 212 87 161 53 95 47 113
 173 0 174 176 199 164 270 144 244 251 177 238 125 125 137 183
 80 174 0 33 197 96 141 73 204 201 39 156 76 102 36 72
 82 176 33 0 203 94 139 76 205 201 34 161 82 105 41 64
 159 199 197 203 0 170 261 145 253 259 172 234 118 134 130 184
 117 164 96 94 170 0 208 66 145 137 94 181 95 66 79 60
 165 270 141 139 261 208 0 149 281 279 118 227 142 176 104 152
 84 144 73 76 145 66 149 0 162 161 73 145 60 60 46 70
 209 244 204 205 253 145 281 162 0 194 170 245 151 109 146 149
 212 251 201 201 259 137 279 161 194 0 167 245 154 116 146 142
 87 177 39 34 172 94 118 73 170 167 0 159 81 102 41 64
 161 238 156 161 234 181 227 145 245 245 159 0 112 138 91 143
 53 125 76 82 118 95 142 60 151 154 81 112 0 70 40 97
 95 125 102 105 134 66 176 60 109 116 102 138 70 0 73 94
 47 137 36 41 130 79 104 46 146 146 41 91 40 73 0 71
 113 183 72 64 184 60 152 70 149 142 64 143 97 94 71 0

 0 52 64 54 52 44 54 62 44 68 56 68 70 72 56 56
 44 0 52 42 40 32 42 50 32 56 44 56 58 60 44 44
 80 76 0 78 76 68 78 86 68 92 80 92 94 96 80 80
 50 46 58 0 46 38 48 56 38 62 50 62 64 66 50 50
 44 40 52 42 0 32 42 50 32 56 44 56 58 60 44 44
 20 16 28 18 16 0 18 26 8 32 20 32 34 36 20 20
 50 46 58 48 46 38 0 56 38 62 50 62 64 66 50 50
 74 70 82 72 70 62 72 0 62 86 74 86 88 90 74 74
 20 16 28 18 16 8 18 26 0 32 20 32 34 36 20 20
 92 88 100 90 88 80 90 98 80 0 92 104 106 108 92 92
 56 52 64 54 52 44 54 62 44 68 0 68 70 72 56 56
 92 88 100 90 88 80 90 98 80 104 92 0 106 108 92 92
 98 94 106 96 94 86 96 104 86 110 98 110 0 114 98 98
 104 100 112 102 100 92 102 110 92 116 104 116 118 0 104 104
 56 52 64 54 52 44 54 62 44 68 56 68 70 72 0 56
 56 52 64 54 52 44 54 62 44 68 56 68 70 72 56 0

 0 70 74 78 60 82 62 84 58 62 76 66 80 74 78 84
 66 0 68 72 54 76 56 78 52 56 70 60 74 68 72 78
 78 76 0 84 66 88 68 90 64 68 82 72 86 80 84 90
 90 88 92 0 78 100 80 102 76 80 94 84 98 92 96 102
 36 34 38 42 0 46 26 48 22 26 40 30 44 38 42 48
 102 100 104 108 90 0 92 114 88 92 106 96 110 104 108 114
 42 40 44 48 30 52 0 54 28 32 46 36 50 44 48 54
 108 106 110 114 96 118 98 0 94 98 112 102 116 110 114 120
 30 28 32 36 18 40 20 42 0 20 34 24 38 32 36 42
 42 40 44 48 30 52 32 54 28 0 46 36 50 44 48 54
 84 82 86 90 72 94 74 96 70 74 0 78 92 86 90 96
 54 52 56 60 42 64 44 66 40 44 58 0 62 56 60 66
 96 94 98 102 84 106 86 108 82 86 100 90 0 98 102 108
 78 76 80 84 66 88 68 90 64 68 82 72 86 0 84 90
 90 88 92 96 78 100 80 102 76 80 94 84 98 92 0 102
 108 106 110 114 96 118 98 120 94 98 112 102 116 110 114 0

 0 22 28 34 8 32 30 32 20 26 24 20 16 28 18 24
 50 0 70 76 50 74 72 74 62 68 66 62 58 70 60 66
 68 82 0 94 68 92 90 92 80 86 84 80 76 88 78 84
 86 100 106 0 86 110 108 110 98 104 102 98 94 106 96 102
 8 22 28 34 0 32 30 32 20 26 24 20 16 28 18 24
 80 94 100 106 80 0 102 104 92 98 96 92 88 100 90 96
 74 88 94 100 74 98 0 98 86 92 90 86 82 94 84 90
 80 94 100 106 80 104 102 0 92 98 96 92 88 100 90 96
 44 58 64 70 44 68 66 68 0 62 60 56 52 64 54 60
 62 76 82 88 62 86 84 86 74 0 78 74 70 82 72 78
 56 70 76 82 56 80 78 80 68 74 0 68 64 76 66 72
 44 58 64 70 44 68 66 68 56 62 60 0 52 64 54 60
 32 46 52 58 32 56 54 56 44 50 48 44 0 52 42 48
 68 82 88 94 68 92 90 92 80 86 84 80 76 0 78 84
 38 52 58 64 38 62 60 62 50 56 54 50 46 58 0 54
 56 70 76 82 56 80 78 80 68 74 72 68 64 76 66 0

 0 16 24 20 14 10 16 32 28 14 16 26 18 16 14 20
 32 0 48 44 38 34 40 56 52 38 40 50 42 40 38 44
 56 64 0 68 62 58 64 80 76 62 64 74 66 64 62 68
 44 52 60 0 50 46 52 68 64 50 52 62 54 52 50 56
 26 34 42 38 0 28 34 50 46 32 34 44 36 34 32 38
 14 22 30 26 20 0 22 38 34 20 22 32 24 22 20 26
 32 40 48 44 38 34 0 56 52 38 40 50 42 40 38 44
 80 88 96 92 86 82 88 0 100 86 88 98 90 88 86 92
 68 76 84 80 74 70 76 92 0 74 76 86 78 76 74 80
 26 34 42 38 32 28 34 50 46 0 34 44 36 34 32 38
 32 40 48 44 38 34 40 56 52 38 0 50 42 40 38 44
 62 70 78 74 68 64 70 86 82 68 70 0 72 70 68 74
 38 46 54 50 44 40 46 62 58 44 46 56 0 46 44 50
 32 40 48 44 38 34 40 56 52 38 40 50 42 0 38 44
 26 34 42 38 32 28 34 50 46 32 34 44 36 34 0 38
 44 52 60 56 50 46 52 68 64 50 52 62 54 52 50 0