17 4

 0 68 66 137 90 208 105 140 152 161 177 173 167 138 116 92 158
 68 0 72 163 63 202 73 171 174 170 205 152 135 157 80 54 138
 66 72 0 144 65 167 83 185 196 125 162 148 164 177 99 90 149
 137 163 144 0 143 254 160 226 238 206 227 225 227 220 173 155 214
 90 63 65 143 0 169 39 202 207 165 202 132 153 189 55 61 147
 208 202 167 254 169 0 149 294 304 234 251 231 258 284 166 175 246
 105 73 83 160 39 149 0 213 217 182 219 149 163 200 43 61 161
 140 171 185 226 202 294 213 0 202 247 265 253 242 196 189 161 236
 152 174 196 238 207 304 217 202 0 258 278 260 246 201 191 161 243
 161 170 125 206 165 234 182 247 258 0 223 215 229 239 166 156 214
 177 205 162 227 202 251 219 265 278 223 0 253 266 262 203 193 251
 173 152 148 225 132 231 149 253 260 215 253 0 210 242 133 128 200
 167 135 164 227 153 258 163 242 246 229 266 210 0 227 139 118 196
 138 157 177 220 189 284 200 196 201 239 262 242 227 0 176 148 225
 116 80 99 173 55 166 43 189 191 166 203 133 139 176 0 61 172
 92 54 90 155 61 175 61 161 161 156 193 128 118 148 61 0 155
 158 138 149 214 147 246 161 236 243 214 251 200 196 225 172 155 0

 0 160 167 139 191 211 204 38 155 63 179 79 168 45 212 91 160
 160 0 233 225 224 265 232 129 237 132 267 118 196 124 236 113 200
 167 233 0 211 231 235 247 148 264 92 229 119 230 149 260 154 216
 139 225 211 0 244 257 259 124 241 108 229 131 228 127 269 154 216
 191 224 231 244 0 238 204 166 276 133 270 104 220 162 217 126 215
 211 265 235 257 238 0 249 193 308 137 254 138 260 192 263 175 249
 204 232 247 259 204 249 0 176 285 149 286 120 229 172 204 125 228
 38 129 148 124 166 193 176 0 135 79 197 89 173 33 215 90 168
 155 237 264 241 276 308 285 135 0 160 280 166 247 108 287 160 245
 63 132 92 108 133 137 149 79 160 0 158 54 163 79 195 88 149
 179 267 229 229 270 254 286 197 280 158 0 158 266 168 298 191 252
 79 118 119 131 104 138 120 89 166 54 158 0 147 85 165 63 138
 168 196 230 228 220 260 229 173 247 163 266 147 0 133 234 116 197
 45 124 149 127 162 192 172 33 108 79 168 85 133 0 208 83 163
 212 236 260 269 217 263 204 215 287 195 298 165 234 208 0 123 237
 91 113 154 154 126 175 125 90 160 88 191 63 116 83 123 0 155
 160 200 216 216 215 249 228 168 245 149 252 138 197 163 237 155 0

 0 67 167 48 197 114 112 47 157 165 180 182 167 145 116 192 64
 67 0 164 65 161 99 71 69 170 165 199 152 126 155 71 145 35
 167 164 0 114 231 132 149 151 260 188 224 216 223 243 158 249 114
 48 65 114 0 182 92 99 65 175 142 162 166 159 159 105 187 52
 197 161 231 182 0 138 109 172 275 232 268 204 216 259 118 224 116
 114 99 132 92 138 0 85 130 238 167 183 169 187 220 95 204 81
 112 71 149 99 109 85 0 117 219 183 219 155 160 204 40 158 64
 47 69 151 65 172 130 117 0 136 180 197 191 171 132 118 190 71
 157 170 260 175 275 238 219 136 0 257 276 264 241 203 186 256 144
 165 165 188 142 232 167 183 180 257 0 221 219 224 241 161 251 115
 180 199 224 162 268 183 219 197 276 221 0 255 259 262 196 286 150
 182 152 216 166 204 169 155 191 264 219 255 0 208 247 131 226 104
 167 126 223 159 216 187 160 171 241 224 259 208 0 226 131 210 94
 145 155 243 159 259 220 204 132 203 241 262 247 226 0 172 244 127
 116 71 158 105 118 95 40 118 186 161 196 131 131 172 0 153 70
 192 145 249 187 224 204 158 190 256 251 286 226 210 244 153 0 120
 64 35 114 52 116 81 64 71 144 115 150 104 94 127 70 120 0

 0 229 231 208 259 277 171 207 125 228 147 247 134 207 183 254 136
 229 0 230 227 225 264 132 231 140 230 168 219 95 219 140 209 109
 231 230 0 210 229 231 144 247 164 187 127 217 126 241 161 247 122
 208 227 210 0 244 255 158 225 143 205 129 231 126 221 172 249 124
 259 225 229 244 0 236 103 267 178 230 170 204 118 256 120 221 123
 277 264 231 255 236 0 146 292 208 232 152 236 156 284 164 268 155
 171 132 144 158 103 146 0 209 119 178 118 152 59 198 39 152 68
 207 231 247 225 267 292 209 0 104 243 164 256 138 194 185 252 143
 125 140 164 143 178 208 119 104 0 192 115 201 80 137 125 190 88
 228 230 187 205 230 232 178 243 192 0 123 219 126 238 163 248 122
 147 168 127 129 170 152 118 164 115 123 0 192 98 196 135 220 94
 247 219 217 231 204 236 152 256 201 219 192 0 111 245 134 224 112
 134 95 126 126 118 156 59 138 80 126 98 111 0 159 69 143 37
 207 219 241 221 256 284 198 194 137 238 196 245 159 0 174 241 134
 183 140 161 172 120 164 39 185 125 163 135 134 69 174 0 153 80
 254 209 247 249 221 268 152 252 190 248 220 224 143 241 153 0 126
 136 109 122 124 123 155 68 143 88 122 94 112 37 134 80 126 0

 0 42 44 38 32 28 20 40 38 48 28 48 26 36 40 48 26
 78 0 98 92 86 82 74 94 92 102 82 102 80 90 94 102 80
 84 102 0 98 92 88 80 100 98 108 88 108 86 96 100 108 86
 66 84 86 0 74 70 62 82 80 90 70 90 68 78 82 90 68
 48 66 68 62 0 52 44 64 62 72 52 72 50 60 64 72 50
 36 54 56 50 44 0 32 52 50 60 40 60 38 48 52 60 38
 12 30 32 26 20 16 0 28 26 36 16 36 14 24 28 36 14
 72 90 92 86 80 76 68 0 86 96 76 96 74 84 88 96 74
 66 84 86 80 74 70 62 82 0 90 70 90 68 78 82 90 68
 96 114 116 110 104 100 92 112 110 0 100 120 98 108 112 120 98
 36 54 56 50 44 40 32 52 50 60 0 60 38 48 52 60 38
 96 114 116 110 104 100 92 112 110 120 100 0 98 108 112 120 98
 30 48 50 44 38 34 26 46 44 54 34 54 0 42 46 54 32
 60 78 80 74 68 64 56 76 74 84 64 84 62 0 76 84 62
 72 90 92 86 80 76 68 88 86 96 76 96 74 84 0 96 74
 96 114 116 110 104 100 92 112 110 120 100 120 98 108 112 0 98
 30 48 50 44 38 34 26 46 44 54 34 54 32 42 46 54 0

 0 36 22 20 28 36 26 18 38 38 24 30 22 26 28 20 28
 76 0 82 80 88 96 86 78 98 98 84 90 82 86 88 80 88
 34 54 0 38 46 54 44 36 56 56 42 48 40 44 46 38 46
 28 48 34 0 40 48 38 30 50 50 36 42 34 38 40 32 40
 52 72 58 56 0 72 62 54 74 74 60 66 58 62 64 56 64
 76 96 82 80 88 0 86 78 98 98 84 90 82 86 88 80 88
 46 66 52 50 58 66 0 48 68 68 54 60 52 56 58 50 58
 22 42 28 26 34 42 32 0 44 44 30 36 28 32 34 26 34
 82 102 88 86 94 102 92 84 0 104 90 96 88 92 94 86 94
 82 102 88 86 94 102 92 84 104 0 90 96 88 92 94 86 94
 40 60 46 44 52 60 50 42 62 62 0 54 46 50 52 44 52
 58 78 64 62 70 78 68 60 80 80 66 0 64 68 70 62 70
 34 54 40 38 46 54 44 36 56 56 42 48 0 44 46 38 46
 46 66 52 50 58 66 56 48 68 68 54 60 52 0 58 50 58
 52 72 58 56 64 72 62 54 74 74 60 66 58 62 0 56 64
 28 48 34 32 40 48 38 30 50 50 36 42 34 38 40 0 40
 52 72 58 56 64 72 62 54 74 74 60 66 58 62 64 56 0

 0 74 78 78 82 86 78 70 88 84 96 92 78 80 70 82 96
 46 0 36 36 40 44 36 28 46 42 54 50 36 38 28 40 54
 58 44 0 48 52 56 48 40 58 54 66 62 48 50 40 52 66
 58 44 48 0 52 56 48 40 58 54 66 62 48 50 40 52 66
 70 56 60 60 0 68 60 52 70 66 78 74 60 62 52 64 78
 82 68 72 72 76 0 72 64 82 78 90 86 72 74 64 76 90
 58 44 48 48 52 56 0 40 58 54 66 62 48 50 40 52 66
 34 20 24 24 28 32 24 0 34 30 42 38 24 26 16 28 42
 88 74 78 78 82 86 78 70 0 84 96 92 78 80 70 82 96
 76 62 66 66 70 74 66 58 76 0 84 80 66 68 58 70 84
 112 98 102 102 106 110 102 94 112 108 0 116 102 104 94 106 120
 100 86 90 90 94 98 90 82 100 96 108 0 90 92 82 94 108
 58 44 48 48 52 56 48 40 58 54 66 62 0 50 40 52 66
 64 50 54 54 58 62 54 46 64 60 72 68 54 0 46 58 72
 34 20 24 24 28 32 24 16 34 30 42 38 24 26 0 28 42
 70 56 60 60 64 68 60 52 70 66 78 74 60 62 52 0 78
 112 98 102 102 106 110 102 94 112 108 120 116 102 104 94 106 0

 0 116 100 116 120 112 94 112 118 104 118 102 114 120 94 98 112
 108 0 88 104 108 100 82 100 106 92 106 90 102 108 82 86 100
 60 56 0 56 60 52 34 52 58 44 58 42 54 60 34 38 52
 108 104 88 0 108 100 82 100 106 92 106 90 102 108 82 86 100
 120 116 100 116 0 112 94 112 118 104 118 102 114 120 94 98 112
 96 92 76 92 96 0 70 88 94 80 94 78 90 96 70 74 88
 42 38 22 38 42 34 0 34 40 26 40 24 36 42 16 20 34
 96 92 76 92 96 88 70 0 94 80 94 78 90 96 70 74 88
 114 110 94 110 114 106 88 106 0 98 112 96 108 114 88 92 106
 72 68 52 68 72 64 46 64 70 0 70 54 66 72 46 50 64
 114 110 94 110 114 106 88 106 112 98 0 96 108 114 88 92 106
 66 62 46 62 66 58 40 58 64 50 64 0 60 66 40 44 58
 102 98 82 98 102 94 76 94 100 86 100 84 0 102 76 80 94
 120 116 100 116 120 112 94 112 118 104 118 102 114 0 94 98 112
 42 38 22 38 42 34 16 34 40 26 40 24 36 42 0 20 34
 54 50 34 50 54 46 28 46 52 38 52 36 48 54 28 0 46
 96 92 76 92 96 88 70 88 94 80 94 78 90 96 70 74 0