15 5

 0 152 130 113 231 243 210 109 126 152 211 192 222 210 196
 152 0 70 110 154 163 205 91 44 72 162 184 177 198 175
 130 70 0 77 177 135 169 56 51 102 147 167 131 185 162
 113 110 77 0 189 191 128 51 81 109 166 147 165 156 154
 231 154 177 189 0 247 254 146 112 110 219 226 244 234 219
 243 163 135 191 247 0 251 137 119 171 222 246 213 264 239
 210 205 169 128 254 251 0 113 144 174 229 212 225 224 219
 109 91 56 51 146 137 113 0 62 100 147 146 144 163 145
 126 44 51 81 112 119 144 62 0 70 135 158 154 174 150
 152 72 102 109 110 171 174 100 70 0 176 177 201 181 173
 211 162 147 166 219 222 229 147 135 176 0 211 211 228 203
 192 184 167 147 226 246 212 146 158 177 211 0 227 201 193
 222 177 131 165 244 213 225 144 154 201 211 227 0 244 221
 210 198 185 156 234 264 224 163 174 181 228 201 244 0 208
 196 175 162 154 219 239 219 145 150 173 203 193 221 208 0

 0 254 131 208 132 242 209 108 230 252 211 197 123 210 196
 254 0 137 271 121 228 270 156 214 238 228 255 144 264 241
 131 137 0 171 77 133 167 54 154 201 146 171 31 184 161
 208 271 171 0 152 252 189 112 247 271 228 214 128 218 216
 132 121 77 152 0 178 185 77 148 142 151 163 77 166 151
 242 228 133 252 178 0 248 134 221 269 220 249 112 262 237
 209 270 167 189 185 248 0 110 246 272 227 215 124 222 217
 108 156 54 112 77 134 110 0 163 197 144 148 42 160 142
 230 214 154 247 148 221 246 163 0 238 203 231 123 242 218
 252 238 201 271 142 269 272 197 238 0 241 247 167 246 238
 211 228 146 228 151 220 227 144 203 241 0 215 111 227 202
 197 255 171 214 163 249 215 148 231 247 215 0 130 203 195
 123 144 31 128 77 112 124 42 123 167 111 130 0 176 153
 210 264 184 218 166 262 222 160 242 246 227 203 176 0 206
 196 241 161 216 151 237 217 142 218 238 202 195 153 206 0

 0 250 231 114 137 241 209 102 224 249 110 93 127 108 196
 250 0 238 178 127 228 271 151 209 236 128 152 149 163 242
 231 238 0 147 152 202 237 118 218 268 115 137 105 152 231
 114 178 147 0 97 191 129 46 181 208 67 50 72 56 156
 137 127 152 97 0 184 192 78 149 146 57 66 88 71 158
 241 228 202 191 184 0 250 130 217 268 121 147 118 162 239
 209 271 237 129 192 250 0 107 243 272 129 114 131 123 220
 102 151 118 46 78 130 107 0 157 194 43 44 46 58 142
 224 209 218 181 149 217 243 157 0 234 101 126 126 139 217
 249 236 268 208 146 268 272 194 234 0 141 144 172 145 239
 110 128 115 67 57 121 129 43 101 141 0 47 51 61 138
 93 152 137 50 66 147 114 44 126 144 47 0 68 35 129
 127 149 105 72 88 118 131 46 126 172 51 68 0 80 159
 108 163 152 56 71 162 123 58 139 145 61 35 80 0 141
 196 242 231 156 158 239 220 142 217 239 138 129 159 141 0

 0 186 168 141 73 179 50 44 68 185 52 36 63 48 130
 186 0 239 269 127 230 176 157 117 236 134 159 149 167 240
 168 239 0 238 152 204 142 124 126 268 121 144 105 156 229
 141 269 238 0 158 254 95 113 150 269 134 118 133 121 215
 73 127 152 158 0 186 97 84 57 146 63 73 88 75 156
 179 230 204 254 186 0 157 138 127 270 129 156 120 168 239
 50 176 142 95 97 157 0 50 88 209 72 58 68 64 155
 44 157 124 113 84 138 50 0 69 198 53 55 50 66 144
 68 117 126 150 57 127 88 69 0 173 46 72 65 82 154
 185 236 268 269 146 270 209 198 173 0 147 151 172 149 237
 52 134 121 134 63 129 72 53 46 147 0 58 55 69 140
 36 159 144 118 73 156 58 55 72 151 58 0 72 43 131
 63 149 105 133 88 120 68 50 65 172 55 72 0 84 157
 48 167 156 121 75 168 64 66 82 149 69 43 84 0 142
 130 240 229 215 156 239 155 144 154 237 140 131 157 142 0

 0 189 165 48 73 82 49 139 161 182 144 127 63 141 36
 189 0 238 178 129 135 177 254 212 235 228 252 151 262 148
 165 238 0 143 150 105 139 217 217 263 211 233 103 247 133
 48 178 143 0 96 95 32 146 181 204 164 147 71 152 59
 73 129 150 96 0 89 96 179 150 143 155 164 88 168 62
 82 135 105 95 89 0 91 168 155 202 156 182 55 196 80
 49 177 139 32 96 91 0 144 180 205 163 148 67 156 60
 139 254 217 146 179 168 144 0 225 258 208 209 113 222 113
 161 212 217 181 150 155 180 225 0 232 200 225 127 237 122
 182 235 263 204 143 202 205 258 232 0 237 240 170 240 141
 144 228 211 164 155 156 163 208 200 237 0 210 116 223 107
 127 252 233 147 164 182 148 209 225 240 210 0 133 197 98
 63 151 103 71 88 55 67 113 127 170 116 133 0 177 63
 141 262 247 152 168 196 156 222 237 240 223 197 177 0 110
 36 148 133 59 62 80 60 113 122 141 107 98 63 110 0

 0 78 64 66 90 84 80 72 68 78 72 88 90 78 76
 74 0 58 60 84 78 74 66 62 72 66 82 84 72 70
 32 30 0 18 42 36 32 24 20 30 24 40 42 30 28
 38 36 22 0 48 42 38 30 26 36 30 46 48 36 34
 110 108 94 96 0 114 110 102 98 108 102 118 120 108 106
 92 90 76 78 102 0 92 84 80 90 84 100 102 90 88
 80 78 64 66 90 84 0 72 68 78 72 88 90 78 76
 56 54 40 42 66 60 56 0 44 54 48 64 66 54 52
 44 42 28 30 54 48 44 36 0 42 36 52 54 42 40
 74 72 58 60 84 78 74 66 62 0 66 82 84 72 70
 56 54 40 42 66 60 56 48 44 54 0 64 66 54 52
 104 102 88 90 114 108 104 96 92 102 96 0 114 102 100
 110 108 94 96 120 114 110 102 98 108 102 118 0 108 106
 74 72 58 60 84 78 74 66 62 72 66 82 84 0 70
 68 66 52 54 78 72 68 60 56 66 60 76 78 66 0

 0 62 44 64 52 64 64 46 58 52 58 62 68 60 60
 74 0 62 82 70 82 82 64 76 70 76 80 86 78 78
 20 26 0 28 16 28 28 10 22 16 22 26 32 24 24
 80 86 68 0 76 88 88 70 82 76 82 86 92 84 84
 44 50 32 52 0 52 52 34 46 40 46 50 56 48 48
 80 86 68 88 76 0 88 70 82 76 82 86 92 84 84
 80 86 68 88 76 88 0 70 82 76 82 86 92 84 84
 26 32 14 34 22 34 34 0 28 22 28 32 38 30 30
 62 68 50 70 58 70 70 52 0 58 64 68 74 66 66
 44 50 32 52 40 52 52 34 46 0 46 50 56 48 48
 62 68 50 70 58 70 70 52 64 58 0 68 74 66 66
 74 80 62 82 70 82 82 64 76 70 76 0 86 78 78
 92 98 80 100 88 100 100 82 94 88 94 98 0 96 96
 68 74 56 76 64 76 76 58 70 64 70 74 80 0 72
 68 74 56 76 64 76 76 58 70 64 70 74 80 72 0

 0 76 68 88 76 72 90 62 72 84 74 88 68 62 72
 68 0 56 76 64 60 78 50 60 72 62 76 56 50 60
 44 40 0 52 40 36 54 26 36 48 38 52 32 26 36
 104 100 92 0 100 96 114 86 96 108 98 112 92 86 96
 68 64 56 76 0 60 78 50 60 72 62 76 56 50 60
 56 52 44 64 52 0 66 38 48 60 50 64 44 38 48
 110 106 98 118 106 102 0 92 102 114 104 118 98 92 102
 26 22 14 34 22 18 36 0 18 30 20 34 14 8 18
 56 52 44 64 52 48 66 38 0 60 50 64 44 38 48
 92 88 80 100 88 84 102 74 84 0 86 100 80 74 84
 62 58 50 70 58 54 72 44 54 66 0 70 50 44 54
 104 100 92 112 100 96 114 86 96 108 98 0 92 86 96
 44 40 32 52 40 36 54 26 36 48 38 52 0 26 36
 26 22 14 34 22 18 36 8 18 30 20 34 14 0 18
 56 52 44 64 52 48 66 38 48 60 50 64 44 38 0

 0 26 34 28 42 46 36 44 26 40 46 34 36 24 28
 30 0 40 34 48 52 42 50 32 46 52 40 42 30 34
 54 56 0 58 72 76 66 74 56 70 76 64 66 54 58
 36 38 46 0 54 58 48 56 38 52 58 46 48 36 40
 78 80 88 82 0 100 90 98 80 94 100 88 90 78 82
 90 92 100 94 108 0 102 110 92 106 112 100 102 90 94
 60 62 70 64 78 82 0 80 62 76 82 70 72 60 64
 84 86 94 88 102 106 96 0 86 100 106 94 96 84 88
 30 32 40 34 48 52 42 50 0 46 52 40 42 30 34
 72 74 82 76 90 94 84 92 74 0 94 82 84 72 76
 90 92 100 94 108 112 102 110 92 106 0 100 102 90 94
 54 56 64 58 72 76 66 74 56 70 76 0 66 54 58
 60 62 70 64 78 82 72 80 62 76 82 70 0 60 64
 24 26 34 28 42 46 36 44 26 40 46 34 36 0 28
 36 38 46 40 54 58 48 56 38 52 58 46 48 36 0

 0 36 32 8 28 30 22 30 20 28 34 34 30 20 24
 92 0 116 92 112 114 106 114 104 112 118 118 114 104 108
 80 108 0 80 100 102 94 102 92 100 106 106 102 92 96
 8 36 32 0 28 30 22 30 20 28 34 34 30 20 24
 68 96 92 68 0 90 82 90 80 88 94 94 90 80 84
 74 102 98 74 94 0 88 96 86 94 100 100 96 86 90
 50 78 74 50 70 72 0 72 62 70 76 76 72 62 66
 74 102 98 74 94 96 88 0 86 94 100 100 96 86 90
 44 72 68 44 64 66 58 66 0 64 70 70 66 56 60
 68 96 92 68 88 90 82 90 80 0 94 94 90 80 84
 86 114 110 86 106 108 100 108 98 106 0 112 108 98 102
 86 114 110 86 106 108 100 108 98 106 112 0 108 98 102
 74 102 98 74 94 96 88 96 86 94 100 100 0 86 90
 44 72 68 44 64 66 58 66 56 64 70 70 66 0 60
 56 84 80 56 76 78 70 78 68 76 82 82 78 68 0