17 3

 0 129 135 110 155 173 173 108 119 127 147 144 229 109 278 156 131
 129 0 72 67 59 98 72 70 72 67 106 54 128 59 173 49 42
 135 72 0 53 66 68 87 89 99 27 68 55 162 84 197 90 58
 110 67 53 0 80 91 100 66 77 44 69 68 161 63 207 91 59
 155 59 66 80 0 68 41 104 108 65 106 37 149 94 151 59 54
 173 98 68 91 68 0 84 129 138 67 88 69 187 122 195 106 86
 173 72 87 100 41 84 0 117 120 84 125 56 161 107 141 61 70
 108 70 89 66 104 129 117 0 37 81 103 92 172 35 219 93 77
 119 72 99 77 108 138 120 37 0 92 116 99 176 40 221 93 84
 127 67 27 44 65 67 84 81 92 0 61 54 159 78 196 88 55
 147 106 68 69 106 88 125 103 116 61 0 94 198 103 235 127 94
 144 54 55 68 37 69 56 92 99 54 94 0 143 84 166 63 44
 229 128 162 161 149 187 161 172 176 159 198 143 0 130 233 114 101
 109 59 84 63 94 122 107 35 40 78 103 84 130 0 209 83 69
 278 173 197 207 151 195 141 219 221 196 235 166 233 209 0 123 143
 156 49 90 91 59 106 61 93 93 88 127 63 114 83 123 0 61
 131 42 58 59 54 86 70 77 84 55 94 44 101 69 143 61 0

 0 167 73 143 95 117 203 140 58 68 83 84 74 145 118 90 167
 167 0 139 229 128 171 231 231 140 137 171 123 102 224 142 112 207
 73 139 0 148 68 74 179 183 100 30 66 57 69 182 99 86 156
 143 229 148 0 145 160 255 223 141 110 130 133 131 224 172 150 220
 95 128 68 145 0 75 134 199 110 69 105 40 57 193 54 56 153
 117 171 74 160 75 0 180 227 143 74 90 75 98 224 101 106 188
 203 231 179 255 134 180 0 272 182 148 184 119 129 266 104 118 229
 140 231 183 223 199 227 272 0 101 147 164 157 142 196 184 152 238
 58 140 100 141 110 143 182 101 0 96 115 102 84 139 124 90 183
 68 137 30 110 69 74 148 147 96 0 61 58 68 178 100 86 155
 83 171 66 130 105 90 184 164 115 61 0 94 103 199 135 121 190
 84 123 57 133 40 75 119 157 102 58 94 0 51 183 69 60 143
 74 102 69 131 57 98 129 142 84 68 103 51 0 166 73 48 137
 145 224 182 224 193 224 266 196 139 178 199 183 166 0 176 144 232
 118 142 99 172 54 101 104 184 124 100 135 69 73 176 0 54 176
 90 112 86 150 56 106 118 152 90 86 121 60 48 144 54 0 156
 167 207 156 220 153 188 229 238 183 155 190 143 137 232 176 156 0

 0 64 70 48 97 209 103 143 59 66 85 83 72 143 215 186 62
 64 0 69 67 63 196 64 167 74 68 106 55 33 155 172 141 35
 70 69 0 52 69 165 78 185 100 27 67 55 66 179 195 181 50
 48 67 52 0 86 191 94 165 81 47 71 71 68 161 208 185 54
 97 63 69 86 0 170 37 205 114 70 110 42 58 194 154 155 51
 209 196 165 191 170 0 143 293 207 135 155 137 159 285 261 265 146
 103 64 78 94 37 143 0 210 118 81 121 53 62 199 136 149 59
 143 167 185 165 205 293 210 0 106 149 170 160 144 198 285 252 137
 59 74 100 81 114 207 118 106 0 96 119 103 84 139 223 188 80
 66 68 27 47 70 135 81 149 96 0 63 57 66 176 197 182 50
 85 106 67 71 110 155 121 170 119 63 0 96 104 200 235 220 88
 83 55 55 71 42 137 53 160 103 57 96 0 50 182 167 157 39
 72 33 66 68 58 159 62 144 84 66 104 50 0 164 170 144 32
 143 155 179 161 194 285 199 198 139 176 200 182 164 0 273 240 127
 215 172 195 208 154 261 136 285 223 197 235 167 170 273 0 216 137
 186 141 181 185 155 265 149 252 188 182 220 157 144 240 216 0 117
 62 35 50 54 51 146 59 137 80 50 88 39 32 127 137 117 0

 0 102 106 108 88 104 104 94 104 82 104 98 102 88 98 92 80
 98 0 100 102 82 98 98 88 98 76 98 92 96 82 92 86 74
 110 108 0 114 94 110 110 100 110 88 110 104 108 94 104 98 86
 116 114 118 0 100 116 116 106 116 94 116 110 114 100 110 104 92
 56 54 58 60 0 56 56 46 56 34 56 50 54 40 50 44 32
 104 102 106 108 88 0 104 94 104 82 104 98 102 88 98 92 80
 104 102 106 108 88 104 0 94 104 82 104 98 102 88 98 92 80
 74 72 76 78 58 74 74 0 74 52 74 68 72 58 68 62 50
 104 102 106 108 88 104 104 94 0 82 104 98 102 88 98 92 80
 38 36 40 42 22 38 38 28 38 0 38 32 36 22 32 26 14
 104 102 106 108 88 104 104 94 104 82 0 98 102 88 98 92 80
 86 84 88 90 70 86 86 76 86 64 86 0 84 70 80 74 62
 98 96 100 102 82 98 98 88 98 76 98 92 0 82 92 86 74
 56 54 58 60 40 56 56 46 56 34 56 50 54 0 50 44 32
 86 84 88 90 70 86 86 76 86 64 86 80 84 70 0 74 62
 68 66 70 72 52 68 68 58 68 46 68 62 66 52 62 0 44
 32 30 34 36 16 32 32 22 32 10 32 26 30 16 26 20 0

 0 32 38 26 32 38 30 38 44 24 34 38 46 32 38 36 34
 48 0 62 50 56 62 54 62 68 48 58 62 70 56 62 60 58
 66 74 0 68 74 80 72 80 86 66 76 80 88 74 80 78 76
 30 38 44 0 38 44 36 44 50 30 40 44 52 38 44 42 40
 48 56 62 50 0 62 54 62 68 48 58 62 70 56 62 60 58
 66 74 80 68 74 0 72 80 86 66 76 80 88 74 80 78 76
 42 50 56 44 50 56 0 56 62 42 52 56 64 50 56 54 52
 66 74 80 68 74 80 72 0 86 66 76 80 88 74 80 78 76
 84 92 98 86 92 98 90 98 0 84 94 98 106 92 98 96 94
 24 32 38 26 32 38 30 38 44 0 34 38 46 32 38 36 34
 54 62 68 56 62 68 60 68 74 54 0 68 76 62 68 66 64
 66 74 80 68 74 80 72 80 86 66 76 0 88 74 80 78 76
 90 98 104 92 98 104 96 104 110 90 100 104 0 98 104 102 100
 48 56 62 50 56 62 54 62 68 48 58 62 70 0 62 60 58
 66 74 80 68 74 80 72 80 86 66 76 80 88 74 0 78 76
 60 68 74 62 68 74 66 74 80 60 70 74 82 68 74 0 70
 54 62 68 56 62 68 60 68 74 54 64 68 76 62 68 66 0

 0 26 24 20 26 18 30 16 20 22 20 26 16 16 28 18 12
 62 0 78 74 80 72 84 70 74 76 74 80 70 70 82 72 66
 56 74 0 68 74 66 78 64 68 70 68 74 64 64 76 66 60
 44 62 60 0 62 54 66 52 56 58 56 62 52 52 64 54 48
 62 80 78 74 0 72 84 70 74 76 74 80 70 70 82 72 66
 38 56 54 50 56 0 60 46 50 52 50 56 46 46 58 48 42
 74 92 90 86 92 84 0 82 86 88 86 92 82 82 94 84 78
 32 50 48 44 50 42 54 0 44 46 44 50 40 40 52 42 36
 44 62 60 56 62 54 66 52 0 58 56 62 52 52 64 54 48
 50 68 66 62 68 60 72 58 62 0 62 68 58 58 70 60 54
 44 62 60 56 62 54 66 52 56 58 0 62 52 52 64 54 48
 62 80 78 74 80 72 84 70 74 76 74 0 70 70 82 72 66
 32 50 48 44 50 42 54 40 44 46 44 50 0 40 52 42 36
 32 50 48 44 50 42 54 40 44 46 44 50 40 0 52 42 36
 68 86 84 80 86 78 90 76 80 82 80 86 76 76 0 78 72
 38 56 54 50 56 48 60 46 50 52 50 56 46 46 58 0 42
 20 38 36 32 38 30 42 28 32 34 32 38 28 28 40 30 0