17 2

 0 64 66 143 95 215 106 145 55 167 86 80 68 50 212 95 65
 64 0 63 160 59 200 65 167 68 167 105 50 27 60 167 48 36
 66 63 0 143 63 167 77 183 92 124 64 48 58 82 188 86 49
 143 160 143 0 145 258 158 228 138 209 133 129 125 129 266 155 118
 95 59 63 145 0 173 37 204 107 168 108 36 51 98 148 61 51
 215 200 167 258 173 0 148 297 205 238 158 136 157 194 260 176 151
 106 65 77 158 37 148 0 212 114 182 122 50 58 106 133 58 62
 145 167 183 228 204 297 212 0 101 249 170 156 139 104 281 160 139
 55 68 92 138 107 205 114 101 0 193 116 96 76 42 216 93 79
 167 167 124 209 168 238 182 249 193 0 130 120 128 149 260 157 119
 86 105 64 133 108 158 122 170 116 130 0 92 99 106 231 128 90
 80 50 48 129 36 136 50 156 96 120 92 0 42 85 160 62 38
 68 27 58 125 51 157 58 139 76 128 99 42 0 67 163 49 31
 50 60 82 129 98 194 106 104 42 149 106 85 67 0 207 86 67
 212 167 188 266 148 260 133 281 216 260 231 160 163 207 0 122 137
 95 48 86 155 61 176 58 160 93 157 128 62 49 86 122 0 58
 65 36 49 118 51 151 62 139 79 119 90 38 31 67 137 58 0

 0 71 167 43 100 111 204 41 154 70 79 81 170 43 113 88 71
 71 0 169 65 69 101 168 68 172 75 103 56 134 58 73 46 47
 167 169 0 110 135 130 242 146 258 94 124 116 227 142 156 146 122
 43 65 110 0 84 88 190 58 171 46 60 64 161 56 101 82 58
 100 69 135 84 0 72 138 103 209 74 104 40 156 94 52 57 60
 111 101 130 88 72 0 177 124 235 72 82 68 190 118 92 100 88
 204 168 242 190 138 177 0 174 279 151 181 117 226 165 100 117 134
 41 68 146 58 103 124 174 0 131 83 94 88 172 28 113 84 76
 154 172 258 171 209 235 279 131 0 162 175 163 244 101 183 152 151
 70 75 94 46 74 72 151 83 162 0 58 56 165 77 96 85 60
 79 103 124 60 104 82 181 94 175 58 0 89 197 95 128 117 92
 81 56 116 64 40 68 117 88 163 56 89 0 145 79 62 56 45
 170 134 227 161 156 190 226 172 244 165 197 145 0 128 132 110 105
 43 58 142 56 94 118 165 28 101 77 95 79 128 0 103 74 68
 113 73 156 101 52 92 100 113 183 96 128 62 132 103 0 49 77
 88 46 146 82 57 100 117 84 152 85 117 56 110 74 49 0 59
 71 47 122 58 60 88 134 76 151 60 92 45 105 68 77 59 0

 0 42 20 30 36 32 24 42 24 34 20 14 26 36 20 30 26
 94 0 98 108 114 110 102 120 102 112 98 92 104 114 98 108 104
 28 54 0 42 48 44 36 54 36 46 32 26 38 48 32 42 38
 58 84 62 0 78 74 66 84 66 76 62 56 68 78 62 72 68
 76 102 80 90 0 92 84 102 84 94 80 74 86 96 80 90 86
 64 90 68 78 84 0 72 90 72 82 68 62 74 84 68 78 74
 40 66 44 54 60 56 0 66 48 58 44 38 50 60 44 54 50
 94 120 98 108 114 110 102 0 102 112 98 92 104 114 98 108 104
 40 66 44 54 60 56 48 66 0 58 44 38 50 60 44 54 50
 70 96 74 84 90 86 78 96 78 0 74 68 80 90 74 84 80
 28 54 32 42 48 44 36 54 36 46 0 26 38 48 32 42 38
 10 36 14 24 30 26 18 36 18 28 14 0 20 30 14 24 20
 46 72 50 60 66 62 54 72 54 64 50 44 0 66 50 60 56
 76 102 80 90 96 92 84 102 84 94 80 74 86 0 80 90 86
 28 54 32 42 48 44 36 54 36 46 32 26 38 48 0 42 38
 58 84 62 72 78 74 66 84 66 76 62 56 68 78 62 0 68
 46 72 50 60 66 62 54 72 54 64 50 44 56 66 50 60 0

 0 36 32 22 28 42 42 28 22 24 32 14 22 40 26 28 42
 76 0 92 82 88 102 102 88 82 84 92 74 82 100 86 88 102
 64 84 0 70 76 90 90 76 70 72 80 62 70 88 74 76 90
 34 54 50 0 46 60 60 46 40 42 50 32 40 58 44 46 60
 52 72 68 58 0 78 78 64 58 60 68 50 58 76 62 64 78
 94 114 110 100 106 0 120 106 100 102 110 92 100 118 104 106 120
 94 114 110 100 106 120 0 106 100 102 110 92 100 118 104 106 120
 52 72 68 58 64 78 78 0 58 60 68 50 58 76 62 64 78
 34 54 50 40 46 60 60 46 0 42 50 32 40 58 44 46 60
 40 60 56 46 52 66 66 52 46 0 56 38 46 64 50 52 66
 64 84 80 70 76 90 90 76 70 72 0 62 70 88 74 76 90
 10 30 26 16 22 36 36 22 16 18 26 0 16 34 20 22 36
 34 54 50 40 46 60 60 46 40 42 50 32 0 58 44 46 60
 88 108 104 94 100 114 114 100 94 96 104 86 94 0 98 100 114
 46 66 62 52 58 72 72 58 52 54 62 44 52 70 0 58 72
 52 72 68 58 64 78 78 64 58 60 68 50 58 76 62 0 78
 94 114 110 100 106 120 120 106 100 102 110 92 100 118 104 106 0