14 3

 0 115 241 123 255 159 217 128 258 119 105 242 210 224
 115 0 193 82 184 116 168 83 216 45 70 206 163 148
 241 193 0 119 240 114 207 102 220 139 138 247 213 245
 123 82 119 0 190 64 138 37 162 70 46 162 136 176
 255 184 240 190 0 166 235 146 273 124 168 293 239 227
 159 116 114 64 166 0 163 53 130 98 81 173 167 203
 217 168 207 138 235 163 0 99 233 118 120 241 190 224
 128 83 102 37 146 53 99 0 154 66 56 168 134 172
 258 216 220 162 273 130 233 154 0 167 145 233 235 273
 119 45 139 70 124 98 118 66 167 0 71 203 150 124
 105 70 138 46 168 81 120 56 145 71 0 156 146 176
 242 206 247 162 293 173 241 168 233 203 156 0 237 275
 210 163 213 136 239 167 190 134 235 150 146 237 0 223
 224 148 245 176 227 203 224 172 273 124 176 275 223 0

 0 145 82 156 190 191 153 69 194 62 44 79 47 56
 145 0 162 243 247 276 232 152 280 116 137 171 128 108
 82 162 0 154 177 148 145 45 158 84 79 86 52 79
 156 243 154 0 255 226 204 108 228 143 115 129 103 138
 190 247 177 255 0 263 236 152 274 132 172 195 141 124
 191 276 148 226 263 0 229 124 196 171 150 140 134 165
 153 232 145 204 236 229 0 106 235 127 125 144 93 122
 69 152 45 108 152 124 106 0 159 78 64 74 40 73
 194 280 158 228 274 196 235 159 0 175 149 135 137 170
 62 116 84 143 132 171 127 78 175 0 80 110 57 26
 44 137 79 115 172 150 125 64 149 80 0 60 50 75
 79 171 86 129 195 140 144 74 135 110 60 0 74 107
 47 128 52 103 141 134 93 40 137 57 50 74 0 55
 56 108 79 138 124 165 122 73 170 26 75 107 55 0

 0 55 82 157 92 193 60 63 93 63 140 179 55 56
 55 0 99 181 86 215 76 83 116 54 170 208 73 45
 82 99 0 152 76 147 49 36 54 82 172 183 57 76
 157 181 152 0 155 226 109 100 125 142 209 227 109 136
 92 86 76 155 0 196 74 77 104 64 199 226 80 55
 193 215 147 226 196 0 134 116 93 170 244 238 140 163
 60 76 49 109 74 134 0 34 68 62 155 178 35 56
 63 83 36 100 77 116 34 0 51 72 153 167 41 66
 93 116 54 125 104 93 68 51 0 106 175 165 75 100
 63 54 82 142 64 170 62 72 106 0 174 208 63 24
 140 170 172 209 199 244 155 153 175 174 0 221 119 136
 179 208 183 227 226 238 178 167 165 208 221 0 145 170
 55 73 57 109 80 140 35 41 75 63 119 145 0 57
 56 45 76 136 55 163 56 66 100 24 136 170 57 0

 0 104 108 106 118 114 106 92 118 116 92 102 100 110
 72 0 60 58 70 66 58 44 70 68 44 54 52 62
 84 68 0 70 82 78 70 56 82 80 56 66 64 74
 78 62 66 0 76 72 64 50 76 74 50 60 58 68
 114 98 102 100 0 108 100 86 112 110 86 96 94 104
 102 86 90 88 100 0 88 74 100 98 74 84 82 92
 78 62 66 64 76 72 0 50 76 74 50 60 58 68
 36 20 24 22 34 30 22 0 34 32 8 18 16 26
 114 98 102 100 112 108 100 86 0 110 86 96 94 104
 108 92 96 94 106 102 94 80 106 0 80 90 88 98
 36 20 24 22 34 30 22 8 34 32 0 18 16 26
 66 50 54 52 64 60 52 38 64 62 38 0 46 56
 60 44 48 46 58 54 46 32 58 56 32 42 0 50
 90 74 78 76 88 84 76 62 88 86 62 72 70 0

 0 16 24 36 26 32 26 34 18 22 10 20 26 20
 32 0 48 60 50 56 50 58 42 46 34 44 50 44
 56 64 0 84 74 80 74 82 66 70 58 68 74 68
 92 100 108 0 110 116 110 118 102 106 94 104 110 104
 62 70 78 90 0 86 80 88 72 76 64 74 80 74
 80 88 96 108 98 0 98 106 90 94 82 92 98 92
 62 70 78 90 80 86 0 88 72 76 64 74 80 74
 86 94 102 114 104 110 104 0 96 100 88 98 104 98
 38 46 54 66 56 62 56 64 0 52 40 50 56 50
 50 58 66 78 68 74 68 76 60 0 52 62 68 62
 14 22 30 42 32 38 32 40 24 28 0 26 32 26
 44 52 60 72 62 68 62 70 54 58 46 0 62 56
 62 70 78 90 80 86 80 88 72 76 64 74 0 74
 44 52 60 72 62 68 62 70 54 58 46 56 62 0

 0 22 32 32 40 28 22 18 40 26 42 30 42 20
 34 0 50 50 58 46 40 36 58 44 60 48 60 38
 64 70 0 80 88 76 70 66 88 74 90 78 90 68
 64 70 80 0 88 76 70 66 88 74 90 78 90 68
 88 94 104 104 0 100 94 90 112 98 114 102 114 92
 52 58 68 68 76 0 58 54 76 62 78 66 78 56
 34 40 50 50 58 46 0 36 58 44 60 48 60 38
 22 28 38 38 46 34 28 0 46 32 48 36 48 26
 88 94 104 104 112 100 94 90 0 98 114 102 114 92
 46 52 62 62 70 58 52 48 70 0 72 60 72 50
 94 100 110 110 118 106 100 96 118 104 0 108 120 98
 58 64 74 74 82 70 64 60 82 68 84 0 84 62
 94 100 110 110 118 106 100 96 118 104 120 108 0 98
 28 34 44 44 52 40 34 30 52 38 54 42 54 0