14 2

 0 46 78 55 94 100 57 63 95 58 142 83 150 63
 46 0 92 76 85 119 70 80 115 46 169 109 165 49
 78 92 0 51 79 55 47 37 57 78 175 88 153 84
 55 76 51 0 92 68 41 35 62 72 146 66 139 78
 94 85 79 92 0 108 76 82 111 64 206 135 180 67
 100 119 55 68 108 0 72 57 36 106 187 83 176 111
 57 70 47 41 76 72 0 36 72 59 159 84 132 65
 63 80 37 35 82 57 36 0 56 70 158 74 139 76
 95 115 57 62 111 36 72 56 0 105 181 73 174 111
 58 46 78 72 64 106 59 70 105 0 176 112 158 31
 142 169 175 146 206 187 159 158 181 176 0 130 219 148
 83 109 88 66 135 83 84 74 73 112 130 0 179 116
 150 165 153 139 180 176 132 139 174 158 219 179 0 130
 63 49 84 78 67 111 65 76 111 31 148 116 130 0

 0 145 82 58 98 95 61 162 194 154 43 81 51 59
 145 0 162 145 155 180 140 245 280 208 136 173 132 111
 82 162 0 56 85 52 53 138 158 176 78 88 56 82
 58 145 56 0 98 65 47 136 163 170 49 66 42 76
 98 155 85 98 0 105 82 183 212 162 109 135 83 65
 95 180 52 65 105 0 73 153 132 199 85 78 74 104
 61 140 53 47 82 73 0 137 173 157 62 84 35 63
 162 245 138 136 183 153 137 0 221 232 125 138 106 138
 194 280 158 163 212 132 173 221 0 267 148 137 141 173
 154 208 176 170 162 199 157 232 267 0 141 174 123 91
 43 136 78 49 109 85 62 125 148 141 0 62 54 78
 81 173 88 66 135 78 84 138 137 174 62 0 79 111
 51 132 56 42 83 74 35 106 141 123 54 79 0 60
 59 111 82 76 65 104 63 138 173 91 78 111 60 0

 0 16 36 12 16 20 26 28 20 32 16 14 20 34
 32 0 60 36 40 44 50 52 44 56 40 38 44 58
 92 100 0 96 100 104 110 112 104 116 100 98 104 118
 20 28 48 0 28 32 38 40 32 44 28 26 32 46
 32 40 60 36 0 44 50 52 44 56 40 38 44 58
 44 52 72 48 52 0 62 64 56 68 52 50 56 70
 62 70 90 66 70 74 0 82 74 86 70 68 74 88
 68 76 96 72 76 80 86 0 80 92 76 74 80 94
 44 52 72 48 52 56 62 64 0 68 52 50 56 70
 80 88 108 84 88 92 98 100 92 0 88 86 92 106
 32 40 60 36 40 44 50 52 44 56 0 38 44 58
 26 34 54 30 34 38 44 46 38 50 34 0 38 52
 44 52 72 48 52 56 62 64 56 68 52 50 0 70
 86 94 114 90 94 98 104 106 98 110 94 92 98 0

 0 32 22 14 38 32 20 22 22 40 36 26 38 20
 64 0 70 62 86 80 68 70 70 88 84 74 86 68
 34 50 0 32 56 50 38 40 40 58 54 44 56 38
 10 26 16 0 32 26 14 16 16 34 30 20 32 14
 82 98 88 80 0 98 86 88 88 106 102 92 104 86
 64 80 70 62 86 0 68 70 70 88 84 74 86 68
 28 44 34 26 50 44 0 34 34 52 48 38 50 32
 34 50 40 32 56 50 38 0 40 58 54 44 56 38
 34 50 40 32 56 50 38 40 0 58 54 44 56 38
 88 104 94 86 110 104 92 94 94 0 108 98 110 92
 76 92 82 74 98 92 80 82 82 100 0 86 98 80
 46 62 52 44 68 62 50 52 52 70 66 0 68 50
 82 98 88 80 104 98 86 88 88 106 102 92 0 86
 28 44 34 26 50 44 32 34 34 52 48 38 50 0