76 4

 0 1148 3658 3921 5218 4902 4670 4990 6276 6425 8024 7830 8522 8686 9440 9551 9057 9432 6212 5577 3871 3083 1962 4781 4392 6827 7425 8320 7438 6676 6560 8511 9001 10336 9624 9749 9661 11068 11450 11557 12290 9820 9107 8535 7817 6599 9512 9070 11175 11834 12499 11471 10605 10301 12291 12891 13906 12987 12777 12494 14149 14691 15179 15803 14130 13416 13261 12580 11343 16295 17965 18880 18997 10590 3641 3732
 1148 0 2964 3391 4569 4068 3705 3966 5422 5658 7220 6921 7539 7673 8528 8691 8325 8752 5798 5108 4240 3722 2892 5376 4777 6843 7486 8224 7254 6424 6214 8200 8748 9966 9165 9167 9029 10530 10964 11208 11972 9810 9095 8978 8378 7265 10062 9516 11396 12072 12625 11561 10675 10319 12274 12901 13808 12839 12531 12210 13906 14481 15074 15714 14292 13584 13725 13119 11944 16913 18023 18835 18936 9484 3677 3845
 3658 2964 0 736 1648 1391 1653 2214 2735 2812 4419 4340 5196 5468 5932 5977 5446 5843 3039 2311 3617 4001 4245 5059 4022 4792 5478 5853 4774 3877 3530 5493 6105 7165 6298 6248 6109 7619 8072 8417 9207 7534 6839 7780 7559 6868 9098 8292 9534 10226 10530 9419 8520 8077 9919 10583 11299 10268 9837 9475 11204 11814 12542 13198 12231 11551 12375 11994 11039 15922 15721 16360 16437 7993 6512 6711
 3921 3391 736 0 1382 1647 2184 2761 2819 2718 4324 4424 5384 5708 5968 5931 5230 5561 2453 1749 3140 3703 4182 4571 3491 4087 4773 5170 4103 3214 2909 4892 5481 6617 5805 5861 5773 7196 7610 7864 8640 6845 6146 7114 6939 6320 8450 7621 8829 9521 9831 8722 7822 7385 9242 9903 10650 9632 9239 8894 10610 11209 11900 12552 11532 10850 11685 11321 10389 15254 15044 15709 15791 8409 7012 7196
 5218 4569 1648 1382 0 1123 2023 2517 1643 1369 2955 3170 4219 4604 4652 4571 3858 4216 1720 1059 4191 4937 5527 5551 4430 4099 4751 4770 3654 2765 2272 4085 4744 5633 4707 4604 4466 5981 6451 6882 7691 6460 5811 7497 7531 7137 8901 7964 8715 9399 9519 8398 7512 7013 8723 9405 9968 8900 8374 7982 9725 10359 11183 11846 11215 10566 11834 11604 10811 15544 14503 15020 15081 7544 8105 8311
 4902 4068 1391 1647 1123 0 918 1408 1385 1634 3163 2970 3819 4107 4571 4660 4301 4780 2835 2171 4757 5290 5600 6183 5090 5167 5831 5888 4772 3881 3389 5154 5825 6610 5620 5348 5123 6759 7286 7848 8671 7578 6928 8479 8422 7896 9860 8962 9821 10507 10637 9516 8630 8131 9830 10512 11041 9962 9390 8978 10727 11375 12244 12909 12333 11683 12897 12630 11786 16572 15600 16084 16138 6780 7408 7634
 4670 3705 1653 2184 2023 918 0 593 1884 2355 3707 3249 3867 4048 4848 5057 4933 5467 3739 3061 5231 5589 5670 6673 5623 6002 6676 6784 5669 4774 4291 6058 6731 7483 6470 6121 5855 7538 8091 8714 9541 8477 7822 9226 9092 8464 10583 9721 10690 11378 11533 10412 9524 9029 10737 11420 11944 10863 10275 9855 11605 12258 13144 13809 13231 12578 13714 13408 12519 17349 16508 16984 17036 6372 6797 7038
 4990 3966 2214 2761 2517 1408 593 0 2020 2602 3768 3146 3598 3713 4698 4985 5038 5612 4223 3569 5795 6115 6122 7237 6194 6551 7220 7280 6164 5278 4777 6477 7159 7823 6778 6340 6036 7755 8336 9039 9873 8968 8323 9800 9671 9037 11161 10294 11219 11905 12028 10908 10024 9521 11192 11877 12352 11260 10632 10198 11946 12609 13537 14203 13724 13077 14273 13978 13095 17919 16944 17376 17421 5850 6826 7078
 6276 5422 2735 2819 1643 1385 1884 2020 0 718 1859 1643 2617 2991 3227 3306 3081 3631 2896 2477 5809 6485 6917 7183 6063 5500 6105 5847 4768 3976 3407 4775 5468 5933 4854 4354 4046 5767 6356 7122 7962 7475 6893 9002 9112 8766 10423 9446 9905 10572 10524 9414 8562 8021 9538 10227 10562 9453 8753 8299 10040 10716 11711 12378 12193 11581 13175 13028 12309 16954 15209 15540 15571 5981 8655 8892
 6425 5658 2812 2718 1369 1634 2355 2602 718 0 1624 1861 2975 3412 3294 3223 2681 3157 2272 1961 5521 6301 6874 6844 5722 4896 5478 5160 4094 3331 2757 4067 4760 5255 4192 3776 3517 5193 5755 6457 7295 6777 6204 8431 8602 8340 9859 8860 9225 9889 9823 8714 7866 7322 8830 9519 9863 8756 8073 7626 9371 10042 11018 11685 11488 10880 12526 12407 11727 16324 14505 14850 14885 6527 9032 9259
 8024 7220 4419 4324 2955 3163 3707 3768 1859 1624 0 1136 2157 2678 1855 1631 1298 1928 3296 3279 6991 7846 8477 8244 7131 5794 6268 5610 4700 4159 3615 4176 4822 4791 3660 2843 2427 4188 4838 5849 6691 7041 6587 9349 9684 9598 10783 9725 9626 10249 9965 8901 8127 7552 8766 9444 9520 8396 7548 7050 8743 9442 10579 11238 11559 11011 13084 13105 12573 16957 14210 14350 14354 5934 10487 10725
 7830 6921 4340 4424 3170 2970 3249 3146 1643 1861 1136 0 1185 1677 1636 1866 2309 2971 3997 3793 7350 8078 8530 8688 7565 6599 7128 6594 5620 4978 4408 5233 5896 5917 4786 3940 3498 5247 5913 6968 7808 8086 7598 10160 10399 10182 11595 10565 10645 11281 11045 9970 9177 8607 9875 10555 10646 9522 8669 8168 9852 10553 11702 12361 12654 12095 14061 14029 13428 17911 15336 15468 15468 4921 9962 10214
 8522 7539 5196 5384 4219 3819 3867 3598 2617 2975 2157 1185 0 540 1412 2016 3073 3723 5155 4923 8398 9059 9401 9764 8642 7760 8288 7729 6771 6139 5569 6324 6971 6847 5724 4758 4272 5946 6635 7817 8645 9188 8721 11321 11549 11301 12755 11726 11765 12393 12112 11050 10275 9700 10890 11563 11559 10437 9526 9009 10645 11352 12568 13218 13698 13156 15201 15183 14589 19059 16244 16283 16268 3795 10310 10574
 8686 7673 5468 5708 4604 4107 4048 3713 2991 3412 2678 1677 540 0 1768 2430 3576 4220 5625 5360 8762 9379 9655 10145 9026 8239 8778 8240 7273 6625 6053 6844 7493 7361 6240 5260 4770 6423 7115 8318 9144 9707 9236 11796 12001 11718 13230 12208 12281 12910 12634 11571 10795 10221 11411 12083 12068 10947 10027 9508 11133 11841 13068 13718 14219 13678 15711 15682 15073 19564 16751 16772 16754 3276 10300 10568
 9440 8528 5932 5968 4652 4571 4848 4698 3227 3294 1855 1636 1412 1768 0 729 2153 2715 5141 5103 8783 9583 10104 10067 8949 7609 8052 7287 6456 5978 5446 5750 6336 5929 4850 3758 3249 4788 5484 6773 7580 8592 8210 11150 11518 11443 12580 11508 11210 11802 11385 10368 9653 9071 10060 10715 10559 9450 8471 7941 9514 10224 11502 12141 12907 12409 14724 14811 14340 18618 15217 15151 15121 4655 11504 11761
 9551 8691 5977 5931 4571 4660 5057 4985 3306 3223 1631 1866 2016 2430 729 0 1539 2049 4825 4880 8603 9467 10082 9836 8729 7193 7597 6758 5984 5579 5073 5186 5745 5261 4199 3083 2573 4090 4786 6081 6885 8001 7649 10702 11127 11128 12125 11041 10623 11204 10750 9746 9051 8469 9401 10051 9870 8763 7777 7246 8816 9526 10806 11444 12253 11766 14155 14278 13852 18057 14524 14453 14423 5353 11798 12048
 9057 8325 5446 5230 3858 4301 4933 5038 3081 2681 1298 2309 3073 3576 2153 1539 0 690 3640 3865 7566 8532 9314 8698 7620 5809 6165 5265 4544 4236 3782 3678 4231 3833 2733 1711 1232 2964 3635 4770 5599 6488 6140 9267 9753 9854 10681 9587 9110 9691 9258 8243 7539 6957 7943 8603 8520 7402 6479 5962 7611 8317 9521 10172 10784 10282 12643 12776 12378 16545 13202 13244 13235 6722 11683 11914
 9432 8752 5843 5561 4216 4780 5467 5612 3631 3157 1928 2971 3723 4220 2715 2049 690 0 3729 4065 7686 8704 9569 8741 7692 5659 5948 4941 4336 4161 3773 3318 3805 3235 2173 1069 571 2297 2966 4120 4945 6045 5752 9028 9586 9783 10423 9318 8665 9225 8730 7740 7071 6490 7372 8023 7887 6771 5828 5309 6947 7654 8870 9519 10225 9741 12218 12402 12068 16124 12562 12583 12571 7329 12175 12399
 6212 5798 3039 2453 1720 2835 3739 4223 2896 2272 3296 3997 5155 5625 5141 4825 3640 3729 0 734 3992 5028 5994 5094 4017 2660 3245 3094 1980 1124 589 2489 3112 4202 3449 3717 3767 4939 5280 5447 6222 4780 4140 6207 6447 6343 7640 6628 7092 7769 7841 6720 5839 5333 7043 7723 8329 7280 6833 6478 8201 8809 9560 10220 9536 8891 10315 10173 9495 14095 12830 13389 13459 8781 9432 9611
 5577 5108 2311 1749 1059 2171 3061 3569 2477 1961 3279 3793 4923 5360 5103 4880 3865 4065 734 0 3738 4675 5517 4974 3860 3074 3714 3733 2618 1721 1264 3192 3816 4878 4071 4212 4192 5501 5887 6127 6910 5427 4769 6536 6656 6397 7955 6987 7664 8348 8480 7359 6471 5979 7726 8403 9032 7985 7533 7173 8900 9511 10264 10923 10179 9525 10802 10598 9846 14535 13520 14092 14163 8431 8735 8920
 3871 4240 3617 3140 4191 4757 5231 5795 5809 5521 6991 7350 8398 8762 8783 8603 7566 7686 3992 3738 0 1232 2587 1488 583 3302 3787 4916 4305 3834 4031 5611 5910 7470 7069 7592 7700 8668 8864 8575 9209 6211 5523 4784 4244 3337 5904 5322 7357 8012 8720 7727 6888 6647 8654 9213 10360 9536 9518 9325 10854 11322 11629 12226 10328 9613 9531 8943 7816 12780 14218 15229 15363 11515 7476 7550
 3083 3722 4001 3703 4937 5290 5589 6115 6485 6301 7846 8078 9059 9379 9583 9467 8532 8704 5028 4675 1232 0 1466 1734 1591 4482 4939 6100 5489 4983 5132 6784 7096 8647 8213 8683 8759 9802 10021 9761 10398 7355 6677 5521 4770 3584 6465 6051 8331 8965 9758 8799 7983 7772 9777 10319 11507 10703 10703 10513 12035 12497 12772 13360 11328 10612 10226 9533 8304 13264 15270 16334 16475 11941 6599 6641
 1962 2892 4245 4182 5527 5600 5670 6122 6917 6874 8477 8530 9401 9655 10104 10082 9314 9569 5994 5517 2587 1466 0 3064 3010 5836 6331 7439 6742 6140 6196 7983 8354 9852 9323 9675 9691 10876 11152 11006 11673 8755 8067 6892 6059 4764 7745 7414 9759 10388 11190 10228 9407 9184 11190 11740 12904 12077 12029 11814 13375 13856 14173 14767 12758 12042 11552 10804 9524 14450 16701 17756 17894 11931 5261 5279
 4781 5376 5059 4571 5551 6183 6673 7237 7183 6844 8244 8688 9764 10145 10067 9836 8698 8741 5094 4974 1488 1734 3064 0 1146 3659 3915 5237 4915 4681 5013 6273 6427 8061 7842 8514 8690 9455 9558 9053 9608 6209 5590 3861 3069 1945 4764 4383 6821 7425 8321 7434 6678 6556 8526 9012 10317 9612 9769 9651 11046 11442 11560 12116 9828 9115 8534 7832 6611 11575 13829 14993 15150 12948 8275 8304
 4392 4777 4022 3491 4430 5090 5623 6194 6063 5722 7131 7565 8642 9026 8949 8729 7620 7692 4017 3860 583 1591 3010 1146 0 2961 3381 4584 4077 3712 3985 5415 5656 7253 6929 7527 7673 8539 8694 8317 8924 5791 5117 4226 3704 2871 5355 4764 6833 7482 8221 7246 6422 6206 8211 8755 9943 9149 9183 9015 10504 10952 11207 11794 9814 9099 8973 8389 7273 12233 13728 14771 14911 11857 7995 8063
 6827 6843 4792 4087 4099 5167 6002 6551 5500 4896 5794 6599 7760 8239 7609 7193 5809 5659 2660 3074 3302 4482 5836 3659 2961 0 727 1664 1401 1661 2234 2729 2811 4453 4349 5185 5469 5944 5981 5439 6016 3033 2321 3604 3984 4225 5039 4010 4783 5475 5851 4767 3876 3523 5505 6113 7143 6283 6265 6096 7594 8061 8417 9030 7539 6844 7776 7571 6877 11503 11222 12094 12212 11404 10394 10512
 7425 7486 5478 4773 4751 5831 6676 7220 6105 5478 6268 7128 8288 8778 8052 7597 6165 5948 3245 3714 3787 4939 6331 3915 3381 727 0 1394 1653 2188 2777 2809 2713 4354 4429 5369 5705 5976 5931 5219 5730 2443 1755 3123 3682 4158 4547 3475 4074 4766 5164 4092 3209 2898 4900 5485 6591 5786 5874 5756 7167 7595 7860 8459 6846 6147 7106 6947 6325 10867 10569 11489 11615 11976 11014 11125
 8320 8224 5853 5170 4770 5888 6784 7280 5847 5160 5610 6594 7729 8240 7287 6758 5265 4941 3094 3733 4916 6100 7439 5237 4584 1664 1394 0 1145 2043 2549 1649 1380 3001 3191 4220 4617 4676 4587 3863 4401 1726 1081 4190 4932 5519 5543 4430 4102 4760 4780 3659 2776 2277 4109 4764 5623 4704 4633 4465 5968 6452 6894 7526 6477 5828 7505 7555 7158 11379 9906 10641 10742 11489 11836 11971
 7438 7254 4774 4103 3654 4772 5669 6164 4768 4094 4700 5620 6771 7273 6456 5984 4544 4336 1980 2618 4305 5489 6742 4915 4077 1401 1653 1145 0 935 1437 1388 1642 3206 2988 3817 4117 4592 4673 4303 4962 2838 2190 4753 5282 5589 6172 5087 5167 5837 5895 4774 3889 3391 5175 5842 6597 5614 5374 5119 6743 7284 7857 8503 7592 6942 8484 8443 7914 12321 10977 11647 11736 10505 10890 11039
 6676 6424 3877 3214 2765 3881 4774 5278 3976 3331 4159 4978 6139 6625 5978 5579 4236 4161 1124 1721 3834 4983 6140 4681 3712 1661 2188 2043 935 0 620 1885 2361 3748 3265 3863 4056 4867 5068 4933 5647 3740 3078 5225 5579 5657 6660 5618 6000 6680 6789 5669 4780 4291 6077 6746 7468 6462 6145 5849 7520 8087 8721 9371 8489 7834 9229 9111 8480 13024 11879 12525 12609 9818 10069 10227
 6560 6214 3530 2909 2272 3389 4291 4777 3407 2757 3615 4408 5569 6053 5446 5073 3782 3773 589 1264 4031 5132 6196 5013 3985 2234 2777 2549 1437 620 0 2029 2616 3817 3170 3602 3729 4725 5004 5046 5800 4232 3594 5797 6113 6117 7232 6197 6557 7232 7293 6172 5292 4785 6504 7182 7816 6778 6372 6038 7745 8340 9054 9711 8988 8343 9811 9698 9061 13610 12296 12877 12951 9239 9856 10027
 8511 8200 5493 4892 4085 5154 6058 6477 4775 4067 4176 5233 6324 6844 5750 5186 3678 3318 2489 3192 5611 6784 7983 6273 5415 2729 2809 1649 1388 1885 2029 0 714 1890 1649 2603 2989 3236 3307 3071 3801 2887 2484 5793 6465 6894 7160 6048 5488 6099 5842 4758 3972 3397 4784 5473 5908 4836 4368 4030 5739 6342 7119 7782 7477 6895 8995 9121 8772 12893 10491 10956 11017 10101 11847 12016
 9001 8748 6105 5481 4744 5825 6731 7159 5468 4760 4822 5896 6971 7493 6336 5745 4231 3805 3112 3816 5910 7096 8354 6427 5656 2811 2713 1380 1642 2361 2616 714 0 1659 1871 2965 3414 3307 3228 2675 3331 2267 1972 5509 6285 6855 6825 5711 4888 5476 5159 4088 3331 2751 4080 4769 5234 4178 3794 3505 5169 5745 6458 7119 6783 6210 8428 8615 8350 12333 9795 10291 10358 10749 12399 12559
 10336 9966 7165 6617 5633 6610 7483 7823 5933 5255 4791 5917 6847 7361 5929 5261 3833 3235 4202 4878 7470 8647 9852 8061 7253 4453 4354 3001 3206 3748 3817 1890 1659 0 1170 2171 2704 1892 1660 1316 2126 3315 3314 7003 7854 8482 8249 7144 5810 6290 5633 4718 4183 3633 4213 4855 4794 3670 2885 2439 4188 4852 5874 6539 7071 6617 9370 9721 9632 13259 9484 9683 9708 10522 13592 13773
 9624 9165 6298 5805 4707 5620 6470 6778 4854 4192 3660 4786 5724 6240 4850 4199 2733 2173 3449 4071 7069 8213 9323 7842 6929 4349 4429 3191 2988 3265 3170 1649 1871 1170 0 1182 1686 1656 1878 2310 3152 3999 3811 7345 8069 8518 8676 7561 6598 7133 6600 5621 4985 4409 5253 5912 5903 4779 3965 3493 5230 5910 6976 7639 8099 7611 10164 10419 10199 14070 10593 10774 10792 9422 12765 12958
 9749 9167 6248 5861 4604 5348 6121 6340 4354 3776 2843 3940 4758 5260 3758 3083 1711 1069 3717 4212 7592 8683 9675 8514 7527 5185 5369 4220 3817 3863 3602 2603 2965 2171 1182 0 535 1418 2014 3060 3890 5143 4927 8379 9036 9375 9738 8624 7745 8279 7721 6758 6132 5556 6330 6973 6819 5703 4769 4253 5915 6618 7811 8462 9187 8720 11311 11555 11304 15217 11495 11541 11536 8381 12694 12905
 9661 9029 6109 5773 4466 5123 5855 6036 4046 3517 2427 3498 4272 4770 3249 2573 1232 571 3767 4192 7700 8759 9691 8690 7673 5469 5705 4617 4117 4056 3729 2989 3414 2704 1686 535 0 1782 2436 3571 4395 5621 5372 8751 9364 9637 10127 9016 8232 8777 8240 7268 6626 6048 6858 7503 7341 6227 5279 4759 6400 7106 8320 8969 9714 9243 11794 12015 11729 15701 12013 12034 12024 7871 12504 12723
 11068 10530 7619 7196 5981 6759 7538 7755 5767 5193 4188 5247 5946 6423 4788 4090 2964 2297 4939 5501 8668 9802 10876 9455 8539 5944 5976 4676 4592 4867 4725 3236 3307 1892 1656 1418 1782 0 742 2155 2897 5144 5122 8779 9575 10093 10056 8946 7609 8058 7294 6458 5986 5448 5771 6353 5916 4844 3784 3245 4772 5482 6782 7412 8606 8224 11155 11539 11461 15027 10516 10410 10383 9396 14073 14280
 11450 10964 8072 7610 6451 7286 8091 8336 6356 5755 4838 5913 6635 7115 5484 4786 3635 2966 5280 5887 8864 10021 11152 9558 8694 5981 5931 4587 4673 5068 5004 3307 3228 1660 1878 2014 2436 742 0 1537 2227 4824 4895 8595 9455 10067 9821 8722 7189 7599 6761 5982 5583 5071 5203 5758 5244 4189 3105 2565 4070 4780 6086 6713 8011 7659 10703 11144 11142 14551 9824 9708 9682 10093 14542 14742
 11557 11208 8417 7864 6882 7848 8714 9039 7122 6457 5849 6968 7817 8318 6773 6081 4770 4120 5447 6127 8575 9761 11006 9053 8317 5439 5219 3863 4303 4933 5046 3071 2675 1316 2310 3060 3571 2155 1537 0 860 3631 3872 7550 8512 9291 8675 7605 5797 6159 5260 4534 4232 3772 3687 4236 3808 2715 1725 1216 2936 3621 4767 5419 6490 6142 9260 9762 9860 13080 8462 8516 8522 11405 14847 15025
 12290 11972 9207 8640 7691 8671 9541 9873 7962 7295 6691 7808 8645 9144 7580 6885 5599 4945 6222 6910 9209 10398 11673 9608 8924 6016 5730 4401 4962 5647 5800 3801 3331 2126 3152 3890 4395 2897 2227 860 0 3840 4192 7790 8804 9666 8838 7797 5767 6062 5056 4446 4277 3883 3447 3930 3330 2275 1203 675 2389 3072 4237 4885 6167 5874 9141 9715 9909 12909 7950 7971 7975 12151 15558 15731
 9820 9810 7534 6845 6460 7578 8477 8968 7475 6777 7041 8086 9188 9707 8592 8001 6488 6045 4780 5427 6211 7355 8755 6209 5791 3033 2443 1726 2838 3740 4232 2887 2267 3315 3999 5143 5621 5144 4824 3631 3840 0 741 3976 5008 5971 5071 4002 2648 3239 3089 1970 1120 579 2498 3117 4177 3431 3731 3751 4911 5266 5444 6042 4782 4142 6200 6456 6349 10107 8251 9086 9206 12964 13385 13506
 9107 9095 6839 6146 5811 6928 7822 8323 6893 6204 6587 7598 8721 9236 8210 7649 6140 5752 4140 4769 5523 6677 8067 5590 5117 2321 1755 1081 2190 3078 3594 2484 1972 3314 3811 4927 5372 5122 4895 3872 4192 741 0 3733 4666 5505 4962 3856 3073 3719 3739 2619 1728 1265 3212 3832 4864 4064 4237 4187 5484 5884 6135 6741 5440 4782 6540 6676 6414 10435 8964 9799 9916 12491 12670 12792
 8535 8978 7780 7114 7497 8479 9226 9800 9002 8431 9349 10160 11321 11796 11150 10702 9267 9028 6207 6536 4784 5521 6892 3861 4226 3604 3123 4190 4753 5225 5797 5793 5509 7003 7345 8379 8751 8779 8595 7550 7790 3976 3733 0 1208 2560 1461 564 3286 3777 4907 4291 3826 4017 5616 5911 7441 7047 7602 7680 8636 8846 8568 9025 6209 5521 4773 4249 3339 8168 10272 11625 11812 14942 12087 12125
 7817 8378 7559 6939 7531 8422 9092 9671 9112 8602 9684 10399 11549 12001 11518 11127 9753 9586 6447 6656 4244 4770 6059 3069 3704 3984 3682 4932 5282 5579 6113 6465 6285 7854 8069 9036 9364 9575 9455 8512 8804 5008 4666 1208 0 1437 1705 1570 4464 4927 6089 5473 4973 5116 6787 7095 8616 8189 8691 8737 9768 10001 9752 10212 7351 6673 5508 4773 3584 8551 11417 12799 12988 15064 11293 11309
 6599 7265 6868 6320 7137 7896 8464 9037 8766 8340 9598 10182 11301 11718 11443 11128 9854 9783 6343 6397 3337 3584 4764 1945 2871 4225 4158 5519 5589 5657 6117 6894 6855 8482 8518 9375 9637 10093 10067 9291 9666 5971 5505 2560 1437 0 3032 2986 5815 6316 7425 6723 6127 6177 7983 8350 9818 9296 9680 9666 10839 11129 10994 11484 8748 8060 6876 6059 4761 9698 12811 14153 14335 14650 9987 9987
 9512 10062 9098 8450 8901 9860 10583 11161 10423 9859 10783 11595 12755 13230 12580 12125 10681 10423 7640 7955 5904 6465 7745 4764 5355 5039 4547 5543 6172 6660 7232 7160 6825 8249 8676 9738 10127 10056 9821 8675 8838 5071 4962 1461 1705 3032 0 1122 3638 3900 5223 4896 4668 4994 6273 6423 8027 7815 8519 8665 9418 9535 9041 9419 6202 5583 3845 3069 1942 6880 10224 11745 11955 16372 12980 12991
 9070 9516 8292 7621 7964 8962 9721 10294 9446 8860 9725 10565 11726 12208 11508 11041 9587 9318 6628 6987 5322 6051 7414 4383 4764 4010 3475 4430 5087 5618 6197 6048 5711 7144 7561 8624 9016 8946 8722 7605 7797 4002 3856 564 1570 2986 1122 0 2945 3371 4575 4063 3704 3971 5420 5657 7224 6907 7537 7653 8507 8676 8310 8740 5789 5115 4215 3709 2873 7638 9855 11257 11450 15377 12620 12656
 11175 11396 9534 8829 8715 9821 10690 11219 9905 9225 9626 10645 11765 12281 11210 10623 9110 8665 7092 7664 7357 8331 9759 6821 6833 4783 4074 4102 5167 6000 6557 5488 4888 5810 6598 7745 8232 7609 7189 5797 5767 2648 3073 3286 4464 5815 3638 2945 0 720 1658 1390 1656 2223 2737 2815 4427 4330 5198 5452 5915 5966 5435 5835 3034 2322 3596 3992 4230 7500 7059 8367 8553 15537 14788 14865
 11834 12072 10226 9521 9399 10507 11378 11905 10572 9889 10249 11281 12393 12910 11802 11204 9691 9225 7769 8348 8012 8965 10388 7425 7482 5475 4766 4760 5837 6680 7232 6099 5476 6290 7133 8279 8777 8058 7599 6159 6062 3239 3719 3777 4927 6316 3900 3371 720 0 1392 1646 2187 2770 2821 2721 4332 4414 5386 5692 5951 5920 5219 5553 2448 1760 3119 3694 4167 6986 6510 7908 8107 16170 15448 15522
 12499 12625 10530 9831 9519 10637 11533 12028 10524 9823 9965 11045 12112 12634 11385 10750 9258 8730 7841 8480 8720 9758 11190 8321 8221 5851 5164 4780 5895 6789 7293 5842 5159 5633 6600 7721 8240 7294 6761 5260 5056 3089 3739 4907 6089 7425 5223 4575 1658 1392 0 1139 2043 2543 1662 1389 2980 3177 4238 4605 4652 4577 3864 4225 1732 1087 4187 4945 5529 7884 5544 6761 6940 15879 16108 16202
 11471 11561 9419 8722 8398 9516 10412 10908 9414 8714 8901 9970 11050 11571 10368 9746 8243 7740 6720 7359 7727 8799 10228 7434 7246 4767 4092 3659 4774 5669 6172 4758 4088 4718 5621 6758 7268 6458 5982 4534 4446 1970 2619 4291 5473 6723 4896 4063 1390 1646 1139 0 931 1427 1397 1647 3181 2970 3831 4101 4564 4659 4300 4782 2840 2192 4746 5291 5595 8592 6515 7579 7736 14824 15075 15177
 10605 10675 8520 7822 7512 8630 9524 10024 8562 7866 8127 9177 10275 10795 9653 9051 7539 7071 5839 6471 6888 7983 9407 6678 6422 3876 3209 2776 3889 4780 5292 3972 3331 4183 4985 6132 6626 5986 5583 4232 4277 1120 1728 3826 4973 6127 4668 3704 1656 2187 2043 931 0 614 1898 2370 3727 3251 3881 4044 4843 5058 4934 5471 3746 3084 5222 5592 5667 9121 7391 8381 8524 14051 14201 14307
 10301 10319 8077 7385 7013 8131 9029 9521 8021 7322 7552 8607 9700 10221 9071 8469 6957 6490 5333 5979 6647 7772 9184 6556 6206 3523 2898 2277 3391 4291 4785 3397 2751 3633 4409 5556 6048 5448 5071 3772 3883 579 1265 4017 5116 6177 4994 3971 2223 2770 2543 1427 614 0 2038 2621 3792 3152 3616 3713 4697 4990 5043 5620 4234 3596 5790 6122 6123 9693 7737 8622 8750 13475 13878 13994
 12291 12274 9919 9242 8723 9830 10737 11192 9538 8830 8766 9875 10890 11411 10060 9401 7943 7372 7043 7726 8654 9777 11190 8526 8211 5505 4900 4109 5175 6077 6504 4784 4080 4213 5253 6330 6858 5771 5203 3687 3447 2498 3212 5616 6787 7983 6273 5420 2737 2821 1662 1397 1898 2038 0 732 1878 1644 2630 2986 3221 3306 3081 3634 2902 2499 5799 6487 6913 9512 5845 6633 6757 14622 15854 15975
 12891 12901 10583 9903 9405 10512 11420 11877 10227 9519 9444 10555 11563 12083 10715 10051 8603 8023 7723 8403 9213 10319 11740 9012 8755 6113 5485 4764 5842 6746 7182 5473 4769 4855 5912 6973 7503 6353 5758 4236 3930 3117 3832 5911 7095 8350 6423 5657 2815 2721 1389 1647 2370 2621 732 0 1644 1863 2989 3408 3289 3224 2682 3161 2279 1984 5512 6304 6871 9109 5167 6041 6181 15292 16470 16586
 13906 13808 11299 10650 9968 11041 11944 12352 10562 9863 9520 10646 11559 12068 10559 9870 8520 7887 8329 9032 10360 11507 12904 10317 9943 7143 6591 5623 6597 7468 7816 5908 5234 4794 5903 6819 7341 5916 5244 3808 3330 4177 4864 7441 8616 9818 8027 7224 4427 4332 2980 3181 3727 3792 1878 1644 0 1142 2175 2678 1854 1636 1303 1936 3307 3306 6986 7853 8478 10400 4720 5091 5171 15187 17428 17564
 12987 12839 10268 9632 8900 9962 10863 11260 9453 8756 8396 9522 10437 10947 9450 8763 7402 6771 7280 7985 9536 10703 12077 9612 9149 6283 5786 4704 5614 6462 6778 4836 4178 3670 4779 5703 6227 4844 4189 2715 2275 3431 4064 7047 8189 9296 7815 6907 4330 4414 3177 2970 3251 3152 1644 1863 1142 0 1191 1665 1623 1859 2302 2967 3996 3808 7333 8073 8519 10946 5834 6141 6201 14078 16475 16620
 12777 12531 9837 9239 8374 9390 10275 10632 8753 8073 7548 8669 9526 10027 8471 7777 6479 5828 6833 7533 9518 10703 12029 9769 9183 6265 5874 4633 5374 6145 6372 4368 3794 2885 3965 4769 5279 3784 3105 1725 1203 3731 4237 7602 8691 9680 8519 7537 5198 5386 4238 3831 3881 3616 2630 2989 2175 1191 0 535 1406 2016 3073 3726 5161 4945 8388 9061 9397 12064 6777 6840 6857 13099 16177 16339
 12494 12210 9475 8894 7982 8978 9855 10198 8299 7626 7050 8168 9009 9508 7941 7246 5962 5309 6478 7173 9325 10513 11814 9651 9015 6096 5756 4465 5119 5849 6038 4030 3505 2439 3493 4253 4759 3245 2565 1216 675 3751 4187 7680 8737 9666 8665 7653 5452 5692 4605 4101 4044 3713 2986 3408 2678 1665 535 0 1750 2418 3564 4211 5619 5370 8740 9369 9639 12459 7280 7301 7308 12574 15861 16029
 14149 13906 11204 10610 9725 10727 11605 11946 10040 9371 8743 9852 10645 11133 9514 8816 7611 6947 8201 8900 10854 12035 13375 11046 10504 7594 7167 5968 6743 7520 7745 5739 5169 4188 5230 5915 6400 4772 4070 2936 2389 4911 5484 8636 9768 10839 9418 8507 5915 5951 4652 4564 4843 4697 3221 3289 1854 1623 1406 1750 0 716 2140 2705 5134 5112 8760 9572 10087 12226 5858 5646 5629 14124 17557 17719
 14691 14481 11814 11209 10359 11375 12258 12609 10716 10042 9442 10553 11352 11841 10224 9526 8317 7654 8809 9511 11322 12497 13856 11442 10952 8061 7595 6452 7284 8087 8340 6342 5745 4852 5910 6618 7106 5482 4780 3621 3072 5266 5884 8846 10001 11129 9535 8676 5966 5920 4577 4659 5058 4990 3306 3224 1636 1859 2016 2418 716 0 1531 2044 4823 4894 8585 9461 10070 11929 5197 4954 4940 14831 18127 18284
 15179 15074 12542 11900 11183 12244 13144 13537 11711 11018 10579 11702 12568 13068 11502 10806 9521 8870 9560 10264 11629 12772 14173 11560 11207 8417 7860 6894 7857 8721 9054 7119 6458 5874 6976 7811 8320 6782 6086 4767 4237 5444 6135 8568 9752 10994 9041 8310 5435 5219 3864 4300 4934 5043 3081 2682 1303 2302 3073 3564 2140 1531 0 685 3638 3879 7548 8526 9302 10667 3761 3858 3917 16130 18699 18837
 15803 15714 13198 12552 11846 12909 13809 14203 12378 11685 11238 12361 13218 13718 12141 11444 10172 9519 10220 10923 12226 13360 14767 12116 11794 9030 8459 7526 8503 9371 9711 7782 7119 6539 7639 8462 8969 7412 6713 5419 4885 6042 6741 9025 10212 11484 9419 8740 5835 5553 4225 4782 5471 5620 3634 3161 1936 2967 3726 4211 2705 2044 685 0 3729 4081 7670 8700 9559 10606 3171 3192 3258 16765 19334 19469
 14130 14292 12231 11532 11215 12333 13231 13724 12193 11488 11559 12654 13698 14219 12907 12253 10784 10225 9536 10179 10328 11328 12758 9828 9814 7539 6846 6477 7592 8489 8988 7477 6783 7071 8099 9187 9714 8606 8011 6490 6167 4782 5440 6209 7351 8748 6202 5789 3034 2448 1732 2840 3746 4234 2902 2279 3307 3996 5161 5619 5134 4823 3638 3729 0 751 3977 5025 5985 7142 4101 5586 5803 17448 17741 17828
 13416 13584 11551 10850 10566 11683 12578 13077 11581 10880 11011 12095 13156 13678 12409 11766 10282 9741 8891 9525 9613 10612 12042 9115 9099 6844 6147 5828 6942 7834 8343 6895 6210 6617 7611 8720 9243 8224 7659 6142 5874 4142 4782 5521 6673 8060 5583 5115 2322 1760 1087 2192 3084 3596 2499 1984 3306 3808 4945 5370 5112 4894 3879 4081 751 0 3734 4683 5519 7180 4788 6203 6409 16917 17027 17113
 13261 13725 12375 11685 11834 12897 13714 14273 13175 12526 13084 14061 15201 15711 14724 14155 12643 12218 10315 10802 9531 10226 11552 8534 8973 7776 7106 7505 8484 9229 9811 8995 8428 9370 10164 11311 11794 11155 10703 9260 9141 6200 6540 4773 5508 6876 3845 4215 3596 3119 4187 4746 5222 5790 5799 5512 6986 7333 8388 8740 8760 8585 7548 7670 3977 3734 0 1219 2568 3928 7366 9155 9401 18955 16778 16800
 12580 13119 11994 11321 11604 12630 13408 13978 13028 12407 13105 14029 15183 15682 14811 14278 12776 12402 10173 10598 8943 9533 10804 7832 8389 7571 6947 7555 8443 9111 9698 9121 8615 9721 10419 11555 12015 11539 11144 9762 9715 6456 6676 4249 4773 6059 3069 3709 3992 3694 4945 5291 5592 6122 6487 6304 7853 8073 9061 9369 9572 9461 8526 8700 5025 4683 1219 0 1455 3973 8551 10321 10564 18896 16032 16037
 11343 11944 11039 10389 10811 11786 12519 13095 12309 11727 12573 13428 14589 15073 14340 13852 12378 12068 9495 9846 7816 8304 9524 6611 7273 6877 6325 7158 7914 8480 9061 8772 8350 9632 10199 11304 11729 11461 11142 9860 9909 6349 6414 3339 3584 4761 1942 2873 4230 4167 5529 5595 5667 6123 6913 6871 8478 8519 9397 9639 10087 10070 9302 9559 5985 5519 2568 1455 0 4986 9749 11452 11685 18242 14740 14733
 16295 16913 15922 15254 15544 16572 17349 17919 16954 16324 16957 17911 19059 19564 18618 18057 16545 16124 14095 14535 12780 13264 14450 11575 12233 11503 10867 11379 12321 13024 13610 12893 12333 13259 14070 15217 15701 15027 14551 13080 12909 10107 10435 8168 8551 9698 6880 7638 7500 6986 7884 8592 9121 9693 9512 9109 10400 10946 12064 12459 12226 11929 10667 10606 7142 7180 3928 3973 4986 0 9228 11149 11411 22796 19637 19615
 17965 18023 15721 15044 14503 15600 16508 16944 15209 14505 14210 15336 16244 16751 15217 14524 13202 12562 12830 13520 14218 15270 16701 13829 13728 11222 10569 9906 10977 11879 12296 10491 9795 9484 10593 11495 12013 10516 9824 8462 7950 8251 8964 10272 11417 12811 10224 9855 7059 6510 5544 6515 7391 7737 5845 5167 4720 5834 6777 7280 5858 5197 3761 3171 4101 4788 7366 8551 9749 9228 0 1951 2213 19847 21563 21668
 18880 18835 16360 15709 15020 16084 16984 17376 15540 14850 14350 15468 16283 16772 15151 14453 13244 12583 13389 14092 15229 16334 17756 14993 14771 12094 11489 10641 11647 12525 12877 10956 10291 9683 10774 11541 12034 10410 9708 8516 7971 9086 9799 11625 12799 14153 11745 11257 8367 7908 6761 7579 8381 8622 6633 6041 5091 6141 6840 7301 5646 4954 3858 3192 5586 6203 9155 10321 11452 11149 1951 0 327 19740 22429 22555
 18997 18936 16437 15791 15081 16138 17036 17421 15571 14885 14354 15468 16268 16754 15121 14423 13235 12571 13459 14163 15363 16475 17894 15150 14911 12212 11615 10742 11736 12609 12951 11017 10358 9708 10792 11536 12024 10383 9682 8522 7975 9206 9916 11812 12988 14335 11955 11450 8553 8107 6940 7736 8524 8750 6757 6181 5171 6201 6857 7308 5629 4940 3917 3258 5803 6409 9401 10564 11685 11411 2213 327 0 19712 22549 22679
 10590 9484 7993 8409 7544 6780 6372 5850 5981 6527 5934 4921 3795 3276 4655 5353 6722 7329 8781 8431 11515 11941 11931 12948 11857 11404 11976 11489 10505 9818 9239 10101 10749 10522 9422 8381 7871 9396 10093 11405 12151 12964 12491 14942 15064 14650 16372 15377 15537 16170 15879 14824 14051 13475 14622 15292 15187 14078 13099 12574 14124 14831 16130 16765 17448 16917 18955 18896 18242 22796 19847 19740 19712 0 11199 11479
 3641 3677 6512 7012 8105 7408 6797 6826 8655 9032 10487 9962 10310 10300 11504 11798 11683 12175 9432 8735 7476 6599 5261 8275 7995 10394 11014 11836 10890 10069 9856 11847 12399 13592 12765 12694 12504 14073 14542 14847 15558 13385 12670 12087 11293 9987 12980 12620 14788 15448 16108 15075 14201 13878 15854 16470 17428 16475 16177 15861 17557 18127 18699 19334 17741 17027 16778 16032 14740 19637 21563 22429 22549 11199 0 321
 3732 3845 6711 7196 8311 7634 7038 7078 8892 9259 10725 10214 10574 10568 11761 12048 11914 12399 9611 8920 7550 6641 5279 8304 8063 10512 11125 11971 11039 10227 10027 12016 12559 13773 12958 12905 12723 14280 14742 15025 15731 13506 12792 12125 11309 9987 12991 12656 14865 15522 16202 15177 14307 13994 15975 16586 17564 16620 16339 16029 17719 18284 18837 19469 17828 17113 16800 16037 14733 19615 21668 22555 22679 11479 321 0

 0 1143 3647 3919 5231 4902 4676 4987 6270 6422 8023 7810 8525 8682 9422 9543 9044 9535 6187 5584 3852 3071 1958 4761 4380 6798 7413 8322 7430 6683 6532 8501 9012 10314 9599 9768 9649 11259 11431 11552 12242 9825 9102 8516 7817 6615 9522 9074 11181 11845 12492 11476 10606 10310 12276 12888 13908 12973 12769 12490 14151 14691 15183 15789 14105 13400 13254 12572 11336 16279 17956 18849 19013 10497 3627 3740
 1143 0 2958 3394 4587 4073 3716 3968 5421 5660 7224 6906 7547 7674 8515 8688 8317 8860 5778 5120 4226 3715 2893 5361 4770 6819 7479 8231 7251 6436 6191 8195 8764 9949 9145 9191 9022 10726 10950 11208 11929 9820 9095 8964 8383 7286 10077 9525 11407 12088 12623 11571 10681 10333 12264 12903 13815 12830 12528 12211 13913 14486 15083 15705 14272 13573 13723 13116 11942 16902 18019 18809 18957 9396 3668 3858
 3647 2958 0 735 1662 1392 1660 2212 2730 2810 4419 4321 5200 5465 5915 5970 5434 5947 3015 2319 3599 3990 4242 5040 4011 4764 5467 5856 4767 3885 3503 5484 6117 7144 6274 6268 6098 7811 8054 8413 9160 7540 6835 7762 7560 6885 9109 8297 9541 10238 10524 9425 8522 8087 9905 10581 11302 10255 9830 9472 11207 11815 12547 13185 12207 11536 12369 11987 11033 15907 15713 16330 16454 7901 6499 6720
 3919 3394 735 0 1402 1654 2197 2765 2820 2722 4330 4411 5394 5711 5957 5930 5224 5671 2435 1763 3128 3698 4185 4558 3486 4065 4768 5179 4102 3228 2888 4889 5499 6602 5787 5887 5768 7394 7598 7866 8599 6857 6148 7102 6946 6343 8467 7632 8842 9539 9831 8734 7830 7401 9234 9907 10659 9625 9238 8897 10619 11216 11911 12545 11514 10841 11685 11320 10389 15245 15042 15685 15814 8323 7005 7211
 5231 4587 1662 1402 0 1140 2046 2531 1654 1383 2971 3167 4239 4617 4651 4580 3862 4336 1712 1083 4189 4942 5540 5548 4435 4087 4756 4789 3663 2789 2261 4092 4772 5628 4699 4640 4471 6189 6449 6894 7660 6482 5823 7495 7548 7170 8928 7985 8738 9427 9529 8420 7530 7039 8725 9419 9987 8903 8383 7995 9744 10376 11204 11849 11207 10567 11844 11613 10821 15545 14511 15006 15114 7468 8108 8336
 4902 4073 1392 1654 1140 0 933 1414 1388 1640 3171 2959 3831 4112 4562 4661 4297 4892 2819 2187 4747 5287 5605 6172 5087 5147 5828 5899 4773 3897 3370 5153 5845 6597 5604 5376 5120 6959 7276 7852 8632 7592 6932 8469 8431 7921 9879 8975 9836 10527 10639 9530 8640 8149 9824 10518 11052 9957 9391 8983 10738 11384 12257 12904 12317 11676 12899 12631 11788 16565 15600 16062 16163 6696 7403 7651
 4676 3716 1660 2197 2046 933 0 602 1890 2364 3718 3241 3882 4056 4842 5061 4932 5582 3726 3080 5224 5589 5678 6665 5623 5985 6676 6798 5673 4793 4275 6060 6754 7473 6457 6152 5855 7741 8084 8721 9505 8494 7829 9219 9104 8492 10605 9737 10708 11401 11538 10429 9537 9050 10734 11429 11958 10861 10279 9863 11619 12270 13160 13807 13218 12574 13719 13412 12524 17345 16511 16965 17064 6291 6795 7058
 4987 3968 2212 2765 2531 1414 602 0 2021 2606 3774 3133 3608 3716 4687 4984 5032 5722 4205 3583 5783 6110 6125 7224 6189 6529 7215 7289 6163 5292 4756 6474 7177 7808 6760 6366 6031 7953 8324 9041 9832 8980 8325 9788 9678 9060 11178 10305 11232 11923 12028 10920 10032 9537 11184 11881 12361 11253 10631 10201 11955 12616 13548 14196 13706 13068 14273 13977 13095 17910 16942 17352 17444 5764 6819 7093
 6270 5421 2730 2820 1654 1388 1890 2021 0 719 1862 1627 2624 2991 3213 3302 3072 3738 2875 2488 5794 6477 6917 7167 6055 5475 6097 5853 4764 3987 3383 4769 5483 5915 4833 4377 4038 5962 6341 7121 7918 7484 6892 8987 9116 8786 10437 9454 9915 10587 10521 9423 8567 8034 9527 10228 10568 9443 8749 8299 10046 10720 11719 12368 12172 11569 13172 13024 12306 16942 15204 15513 15591 5892 8645 8904
 6422 5660 2810 2722 1383 1640 2364 2606 719 0 1629 1847 2984 3414 3282 3221 2674 3266 2253 1974 5508 6295 6876 6830 5716 4873 5472 5168 4092 3344 2735 4063 4777 5239 4173 3801 3511 5390 5742 6458 7253 6788 6205 8418 8608 8362 9875 8870 9237 9906 9822 8725 7873 7337 8821 9522 9871 8748 8071 7628 9379 10048 11028 11677 11469 10870 12525 12405 11726 16314 14502 14825 14907 6440 9024 9273
 8023 7224 4419 4330 2971 3171 3718 3774 1862 1629 0 1124 2168 2682 1845 1631 1293 2039 3279 3294 6980 7842 8481 8232 7127 5773 6264 5620 4700 4174 3595 4174 4841 4777 3643 2870 2423 4387 4827 5852 6651 7054 6590 9338 9692 9622 10801 9737 9640 10268 9966 8914 8136 7569 8759 9449 9530 8390 7548 7054 8753 9450 10591 11232 11542 11003 13085 13105 12574 16949 14209 14327 14378 5849 10481 10741
 7810 6906 4321 4411 3167 2959 3241 3133 1627 1847 1124 0 1183 1668 1613 1853 2291 3069 3967 3795 7326 8061 8521 8663 7548 6565 7111 6591 5607 4980 4375 5218 5902 5890 4756 3954 3481 5433 5889 6958 7755 8086 7588 10136 10394 10193 11600 10564 10646 11287 11033 9970 9173 8611 9855 10547 10643 9503 8656 8159 9849 10548 11701 12342 12624 12074 14049 14016 13416 17890 15322 15432 15479 4823 9943 10217
 8525 7547 5200 5394 4239 3831 3882 3608 2624 2984 2168 1183 0 546 1404 2018 3070 3836 5140 4940 8389 9057 9407 9754 8640 7741 8286 7741 6773 6156 5551 6324 6992 6835 5709 4787 4270 6147 6626 7822 8607 9203 8726 11312 11559 11327 12775 11740 11781 12414 12115 11065 10286 9719 10885 11570 11571 10433 9528 9015 10657 11362 12582 13214 13683 13150 15204 15185 14592 19053 16245 16262 16294 3712 10306 10592
 8682 7674 5465 5711 4617 4112 4056 3716 2991 3414 2682 1668 546 0 1756 2428 3569 4329 5606 5373 8749 9373 9657 10131 9020 8216 8772 8248 7271 6638 6031 6840 7510 7345 6221 5285 4764 6620 7102 8319 9102 9718 9237 11783 12007 11740 13246 12218 12293 12927 12633 11582 10802 10236 11402 12086 12076 10939 10025 9510 11141 11847 13078 13710 14200 13668 15710 15680 15072 19554 16748 16747 16776 3189 10292 10582
 9422 8515 5915 5957 4651 4562 4842 4687 3213 3282 1845 1613 1404 1756 0 717 2136 2814 5112 5106 8760 9567 10096 10043 8933 7576 8036 7285 6444 5981 5414 5736 6343 5903 4821 3773 3233 4975 5461 6764 7528 8593 8201 11127 11514 11455 12586 11508 11212 11809 11374 10369 9650 9076 10041 10708 10557 9432 8459 7933 9512 10220 11502 12123 12878 12389 14713 14799 14329 18598 15204 15116 15133 4558 11486 11765
 9543 8688 5970 5930 4580 4661 5061 4984 3302 3221 1631 1853 2018 2428 717 0 1529 2155 4803 4890 8587 9458 10081 9819 8720 7167 7588 6763 5979 5589 5048 5179 5759 5242 4177 3105 2564 4284 4770 6079 6840 8009 7647 10686 11130 11147 12138 11048 10632 11218 10746 9754 9055 8481 9389 10051 9875 8752 7772 7245 8821 9529 10813 11433 12231 11753 14151 14273 13848 18044 14518 14425 14442 5263 11787 12059
 9044 8317 5434 5224 3862 4297 4932 5032 3072 2674 1293 2291 3070 3569 2136 1529 0 793 3615 3872 7547 8520 9310 8678 7608 5780 6153 5267 4536 4243 3754 3668 4242 3811 2708 1730 1220 3155 3616 4765 5551 6493 6135 9248 9753 9870 10691 9591 9116 9702 9251 8248 7540 6966 7928 8600 8522 7388 6471 5958 7613 8317 9525 10158 10759 10266 12636 12768 12371 16529 13193 13213 13251 6629 11669 11922
 9535 8860 5947 5671 4336 4892 5582 5722 3738 3266 2039 3069 3836 4329 2814 2155 793 0 3781 4149 7744 8769 9642 8798 7757 5707 6013 5020 4405 4245 3822 3385 3893 3290 2225 1165 636 2565 3024 4192 4974 6127 5824 9086 9663 9876 10510 9399 8748 9313 8800 7822 7149 6576 7434 8097 7966 6834 5897 5382 7026 7731 8951 9582 10277 9802 12288 12471 12138 16185 12630 12629 12664 7313 12238 12484
 6187 5778 3015 2435 1712 2819 3726 4205 2875 2253 3279 3967 5140 5606 5112 4803 3615 3781 0 732 3964 5007 5981 5065 3996 2622 3224 3087 1963 1122 552 2470 3114 4171 3415 3727 3746 5121 5252 5433 6165 4776 4126 6179 6438 6350 7641 6623 7089 7771 7825 6716 5831 5333 7019 7711 8322 7257 6816 6465 8194 8800 9555 10197 9502 8866 10299 10156 9479 14070 12812 13349 13466 8679 9409 9610
 5584 5120 2319 1763 1083 2187 3080 3583 2488 1974 3294 3795 4940 5373 5106 4890 3872 4149 732 0 3732 4676 5526 4967 3861 3058 3715 3748 2623 1741 1249 3195 3840 4869 4059 4244 4193 5705 5881 6135 6875 5445 4777 6530 6669 6426 7978 7004 7683 8372 8486 7377 6485 6001 7724 8413 9047 7984 7538 7182 8915 9524 10281 10922 10167 9522 10808 10603 9852 14532 13524 14074 14192 8351 8734 8941
 3852 4226 3599 3128 4189 4747 5224 5783 5794 5508 6980 7326 8389 8749 8760 8587 7547 7744 3964 3732 0 1216 2579 1464 567 3269 3771 4914 4293 3837 3999 5597 5917 7444 7040 7607 7684 8855 8841 8566 9157 6212 5514 4761 4240 3349 5910 5322 7359 8019 8709 7728 6885 6652 8635 9206 10358 9518 9506 9317 10852 11318 11629 12208 10299 9593 9520 8931 7805 12760 14205 15194 15375 11418 7458 7554
 3071 3715 3990 3698 4942 5287 5589 6110 6477 6295 7842 8061 9057 9373 9567 9458 8520 8769 5007 4676 1216 0 1463 1715 1580 4454 4928 6103 5482 4991 5105 6775 7108 8626 8189 8703 8748 9994 10003 9757 10351 7361 6673 5503 4771 3601 6476 6056 8338 8977 9752 8805 7985 7782 9763 10317 11510 10690 10696 10510 12038 12498 12777 13347 11304 10597 10220 9526 8298 13249 15262 16304 16492 11849 6586 6650
 1958 2893 4242 4185 5540 5605 5678 6125 6917 6876 8481 8521 9407 9657 10096 10081 9310 9642 5981 5526 2579 1463 0 3050 3004 5813 6325 7447 6740 6153 6174 7979 8371 9836 9304 9700 9685 11073 11139 11007 11631 8766 8068 6879 6065 4786 7761 7424 9771 10405 11189 10239 9414 9199 11181 11743 12912 12069 12027 11816 13383 13862 14183 14759 12739 12032 11551 10802 9523 14440 16698 17731 17916 11844 5253 5293
 4761 5361 5040 4558 5548 6172 6665 7224 7167 6830 8232 8663 9754 10131 10043 9819 8678 8798 5065 4967 1464 1715 3050 0 1129 3625 3898 5234 4902 4683 4980 6258 6433 8034 7812 8528 8673 9641 9534 9043 9555 6209 5580 3837 3064 1956 4769 4382 6822 7431 8309 7434 6674 6560 8506 9004 10314 9593 9756 9642 11043 11437 11559 12097 9798 9094 8522 7819 6599 11554 13815 14957 15161 12850 8256 8307
 4380 4770 4011 3486 4435 5087 5623 6189 6055 5716 7127 7548 8640 9020 8933 8720 7608 7757 3996 3861 567 1580 3004 1129 0 2932 3369 4586 4069 3719 3957 5405 5667 7231 6904 7546 7661 8730 8675 8312 8876 5796 5112 4207 3704 2887 5365 4768 6839 7493 8214 7251 6423 6215 8196 8752 9945 9135 9175 9011 10506 10952 11211 11780 9789 9083 8966 8381 7266 12217 13719 14740 14927 11764 7981 8071
