76 3

 0 1142 3641 3905 5216 4908 4665 5029 6260 6430 8033 7806 8507 8679 9441 9543 9036 9440 6185 5573 3842 3065 1957 4757 4378 6794 7406 8298 7430 6751 6542 8501 8992 10305 9604 9760 9719 11046 11418 11564 12112 9947 9088 8518 7824 6595 9505 9075 11161 11835 12477 11466 10597 10291 12272 12870 13886 12969 12759 12490 14146 14688 15179 15796 14102 13389 13240 12559 11333 16289 17939 18837 18988 10479 3616 3721
 1142 0 2958 3386 4578 4085 3711 4016 5417 5674 7240 6908 7535 7677 8540 8694 8315 8771 5782 5115 4222 3715 2898 5363 4774 6821 7478 8213 7257 6510 6207 8201 8750 9946 9156 9189 9098 10519 10943 11226 11805 9948 9087 8972 8396 7272 10066 9532 11393 12084 12614 11567 10678 10320 12266 12891 13799 12832 12524 12217 13914 14489 15085 15718 14275 13568 13715 13109 11945 16918 18008 18803 18938 9384 3663 3845
 3641 2958 0 724 1650 1401 1652 2257 2723 2821 4432 4320 5185 5465 5937 5973 5429 5855 3016 2311 3592 3987 4244 5039 4012 4763 5463 5835 4770 3956 3516 5487 6100 7138 6282 6263 6171 7601 8044 8428 9033 7665 6824 7767 7570 6868 9095 8301 9524 10231 10512 9418 8516 8071 9904 10566 11283 10254 9823 9475 11205 11815 12546 13195 12207 11528 12358 11977 11033 15920 15699 16321 16432 7886 6491 6704
 3905 3386 724 0 1385 1658 2184 2805 2808 2728 4338 4405 5374 5706 5974 5928 5214 5574 2431 1750 3116 3690 4182 4552 3482 4059 4759 5153 4100 3294 2896 4887 5477 6591 5790 5877 5836 7179 7583 7876 8467 6977 6132 7102 6951 6321 8448 7631 8820 9527 9814 8722 7819 7380 9228 9887 10635 9619 9226 8895 10612 11211 11905 12550 11509 10828 11669 11305 10384 15253 15023 15671 15787 8303 6992 7190
 5216 4578 1650 1385 0 1143 2032 2570 1641 1388 2978 3160 4218 4611 4667 4577 3851 4238 1707 1069 4176 4933 5536 5541 4430 4080 4746 4762 3660 2854 2268 4089 4749 5616 4701 4629 4538 5973 6433 6903 7527 6601 5806 7494 7552 7147 8908 7983 8715 9414 9511 8407 7518 7017 8718 9398 9962 8896 8370 7992 9736 10370 11197 11853 11201 10553 11827 11597 10815 15552 14491 14991 15086 7447 8094 8314
 4908 4085 1401 1658 1143 0 932 1466 1388 1658 3191 2965 3823 4119 4591 4671 4299 4807 2827 2186 4747 5291 5614 6178 5095 5153 5831 5885 4783 3975 3390 5163 5835 6598 5619 5378 5200 6756 7273 7874 8512 7724 6928 8481 8448 7911 9872 8986 9826 10527 10634 9530 8641 8140 9830 10510 11040 9963 9391 8993 10743 11391 12263 12921 12324 11675 12895 12628 11795 16585 15593 16060 16148 6688 7402 7642
 4665 3711 1652 2184 2032 932 0 643 1879 2371 3727 3236 3863 4052 4860 5060 4923 5486 3723 3068 5213 5582 5676 6660 5620 5980 6668 6773 5672 4860 4284 6059 6733 7463 6461 6143 5924 7527 8070 8732 9374 8615 7814 9220 9110 8471 10587 9737 10687 11390 11522 10418 9527 9030 10729 11410 11935 10856 10268 9862 11613 12266 13155 13813 13214 12562 13704 13398 12520 17354 16493 16952 17038 6272 6783 7038
 5029 4016 2257 2805 2570 1466 643 0 2045 2648 3818 3163 3624 3747 4740 5018 5058 5661 4237 3606 5807 6138 6158 7254 6221 6559 7242 7299 6197 5394 4800 6508 7191 7833 6799 6392 6135 7774 8345 9087 9736 9136 8345 9824 9719 9074 11195 10340 11246 11947 12047 10944 10057 9552 11214 11897 12373 11283 10655 10235 11984 12647 13578 14237 13737 13091 14293 13998 13126 17954 16959 17374 17453 5780 6842 7108
 6260 5417 2723 2808 1641 1388 1879 2045 0 727 1872 1623 2606 2988 3232 3302 3064 3643 2873 2477 5784 6471 6916 7163 6053 5471 6090 5829 4764 4055 3393 4769 5463 5906 4838 4369 4108 5749 6328 7133 7788 7606 6878 8989 9123 8766 10420 9455 9895 10577 10506 9413 8558 8015 9523 10210 10546 9439 8739 8299 10041 10717 11715 12375 12169 11558 13158 13011 12303 16952 15187 15501 15566 5874 8634 8885
 6430 5674 2821 2728 1388 1658 2371 2648 727 0 1651 1855 2978 3423 3313 3233 2678 3183 2263 1975 5510 6301 6887 6838 5726 4881 5477 5156 4104 3424 2757 4075 4769 5242 4190 3805 3593 5189 5741 6482 7135 6922 6203 8432 8627 8354 9870 8883 9229 9908 9819 8727 7876 7330 8829 9516 9861 8756 8073 7640 9386 10057 11036 11696 11478 10871 12523 12404 11735 16336 14497 14825 14894 6434 9025 9266
 8033 7240 4432 4338 2978 3191 3727 3818 1872 1651 0 1133 2163 2692 1877 1644 1298 1957 3290 3296 6983 7849 8493 8241 7138 5782 6270 5609 4713 4255 3618 4187 4834 4781 3661 2875 2506 4187 4827 5877 6534 7189 6589 9353 9712 9615 10797 9751 9633 10271 9964 8917 8140 7563 8768 9444 9521 8399 7551 7067 8761 9460 10600 11252 11552 11005 13084 13105 12584 16972 14205 14328 14366 5844 10483 10735
 7806 6908 4320 4405 3160 2965 3236 3163 1623 1855 1133 0 1169 1669 1636 1857 2287 2978 3969 3788 7320 8059 8524 8663 7550 6565 7108 6571 5611 5052 4389 5222 5886 5885 4765 3950 3555 5224 5880 6974 7629 8212 7578 10142 10405 10177 11587 10569 10630 11281 11022 9964 9168 8596 9855 10533 10625 9503 8650 8163 9848 10549 11701 12353 12625 12067 14039 14007 13417 17904 15309 15424 15458 4809 9936 10202
 8507 7535 5185 5374 4218 3823 3863 3624 2606 2978 2163 1169 0 538 1418 2013 3057 3736 5133 4924 8374 9046 9401 9745 8633 7732 8274 7712 6768 6219 5556 6319 6967 6821 5709 4774 4335 5929 6608 7829 8472 9320 8707 11309 11561 11302 12753 11736 11756 12399 12095 11050 10272 9695 10876 11547 11544 10424 9513 9010 10647 11354 12573 13216 13675 13134 15185 15167 14584 19058 16223 16245 16264 3689 10290 10568
 8679 7677 5465 5706 4611 4119 4052 3747 2988 3423 2692 1669 538 0 1779 2432 3565 4238 5608 5366 8743 9371 9660 10131 9022 8216 8769 8228 7275 6710 6045 6844 7494 7340 6230 5281 4838 6411 7093 8335 8976 9844 9227 11789 12018 11724 13233 12223 12277 12921 12622 11576 10797 10221 11402 12072 12058 10939 10019 9514 11140 11848 13078 13721 14201 13661 15700 15671 15073 19568 16735 16739 16755 3175 10285 10567
 9441 8540 5937 5974 4667 4591 4860 4740 3232 3313 1877 1636 1418 1779 0 736 2147 2738 5129 5114 8769 9580 10114 10058 8950 7591 8048 7280 6463 6068 5443 5755 6342 5913 4845 3784 3322 4781 5467 6795 7417 8734 8206 11148 11540 11454 12588 11528 11211 11818 11378 10378 9660 9076 10056 10709 10554 9447 8468 7952 9526 10236 11517 12149 12894 12397 14718 14805 14345 18627 15206 15123 15127 4559 11494 11765
 9543 8694 5973 5928 4577 4671 5060 5018 3302 3233 1644 1857 2013 2432 736 0 1528 2067 4808 4886 8584 9459 10087 9822 8725 7170 7588 6746 5986 5664 5065 5186 5746 5240 4189 3104 2641 4078 4764 6098 6717 8138 7640 10695 11144 11134 12128 11056 10619 11215 10738 9751 9053 8469 9392 10040 9860 8755 7769 7252 8823 9533 10816 11447 12235 11749 14144 14267 13852 18061 14508 14420 14424 5252 11783 12047
 9036 8315 5429 5214 3851 4299 4923 5058 3064 2678 1298 2287 3057 3565 2147 1528 0 699 3614 3862 7538 8515 9310 8675 7607 5777 6147 5244 4537 4312 3765 3669 4223 3803 2714 1723 1291 2943 3604 4778 5422 6616 6122 9251 9761 9851 10675 9593 9097 9693 9237 8239 7532 6948 7925 8583 8501 7385 6462 5959 7609 8315 9522 10166 10757 10256 12623 12756 12369 16540 13177 13202 13227 6612 11659 11904
 9440 8771 5855 5574 4238 4807 5486 5661 3643 3183 1957 2978 3736 4238 2738 2067 699 0 3723 4082 7678 8707 9585 8738 7699 5647 5950 4940 4349 4257 3776 3329 3817 3225 2174 1101 650 2296 2955 4148 4788 6193 5754 9032 9614 9800 10437 9344 8672 9247 8729 7756 7084 6501 7374 8023 7888 6774 5831 5326 6965 7672 8891 9533 10218 9735 12218 12402 12079 16139 12557 12561 12583 7239 12171 12409
 6185 5782 3016 2431 1707 2827 3723 4237 2873 2263 3290 3969 5133 5608 5129 4808 3614 3723 0 727 3960 5007 5986 5067 4000 2624 3223 3069 1969 1196 568 2476 3100 4168 3426 3725 3822 4914 5245 5451 6041 4904 4118 6187 6451 6336 7630 6630 7075 7767 7816 6712 5828 5320 7021 7699 8306 7259 6812 6471 8195 8803 9557 10210 9505 8861 10291 10149 9482 14086 12801 13343 13447 8667 9404 9597
 5573 5115 2311 1750 1069 2186 3068 3606 2477 1975 3296 3788 4924 5366 5114 4886 3862 4082 727 0 3721 4669 5524 4962 3858 3053 3707 3723 2622 1808 1258 3194 3819 4859 4063 4235 4262 5491 5867 6146 6744 5566 4762 6531 6675 6405 7960 7004 7662 8361 8470 7366 6475 5981 7719 8394 9024 7979 7527 7181 8909 9520 10276 10928 10163 9510 10793 10589 9848 14541 13506 14061 14166 8332 8722 8921
 3842 4222 3592 3116 4176 4747 5213 5807 5784 5510 6983 7320 8374 8743 8769 8584 7538 7678 3960 3721 0 1210 2578 1460 565 3265 3764 4890 4293 3905 4009 5597 5897 7435 7045 7599 7754 8642 8828 8578 9027 6334 5500 4763 4247 3329 5893 5323 7339 8009 8694 7718 6876 6633 8631 9188 10336 9514 9496 9317 10847 11315 11625 12215 10296 9582 9506 8918 7802 12770 14188 15182 15350 11400 7447 7535
 3065 3715 3987 3690 4933 5291 5582 6138 6471 6301 7849 8059 9046 9371 9580 9459 8515 8707 5007 4669 1210 0 1464 1713 1580 4452 4923 6081 5484 5061 5117 6777 7090 8619 8196 8697 8820 9783 9992 9771 10223 7485 6661 5507 4780 3583 6461 6059 8320 8969 9739 8797 7978 7765 9761 10301 11490 10688 10688 10512 12035 12497 12775 13356 11303 10588 10208 9515 8297 13261 15247 16294 16469 11833 6577 6633
 1957 2898 4244 4182 5536 5614 5676 6158 6916 6887 8493 8524 9401 9660 10114 10087 9310 9585 5986 5524 2578 1464 0 3052 3008 5815 6324 7429 6746 6227 6190 7985 8357 9833 9315 9698 9761 10866 11132 11025 11507 8894 8060 6887 6078 4772 7750 7431 9757 10401 11180 10235 9411 9186 11183 11731 12896 12071 12023 11822 13384 13865 14185 14772 12742 12027 11543 10795 9526 14456 16687 17725 17897 11832 5248 5280
 4757 5363 5039 4552 5541 6178 6660 7254 7163 6838 8241 8663 9745 10131 10058 9822 8675 8738 5067 4962 1460 1713 3052 0 1131 3625 3895 5214 4906 4755 4994 6262 6417 8029 7821 8524 8747 9432 9525 9059 9429 6335 5570 3843 3075 1940 4756 4387 6806 7425 8298 7428 6669 6545 8506 8990 10296 9593 9750 9646 11042 11438 11559 12108 9799 9087 8512 7810 6600 11568 13802 14949 15140 12836 8249 8292
 4378 4774 4012 3482 4430 5095 5620 6221 6053 5726 7138 7550 8633 9022 8950 8725 7607 7699 4000 3858 565 1580 3008 1131 0 2933 3367 4567 4074 3792 3972 5410 5652 7227 6914 7543 7736 8522 8667 8329 8751 5923 5103 4214 3716 2872 5353 4774 6824 7488 8204 7246 6419 6201 8197 8739 9928 9136 9170 9016 10506 10954 11212 11792 9791 9077 8957 8373 7268 12232 13707 14733 14907 11751 7975 8057
 6794 6821 4763 4059 4080 5153 5980 6559 5471 4881 5782 6565 7732 8216 7591 7170 5777 5647 2624 3053 3265 4452 5815 3625 2933 0 701 1635 1386 1729 2209 2712 2795 4415 4322 5189 5520 5915 5942 5439 5831 3153 2295 3580 3984 4214 5025 4008 4762 5469 5822 4755 3861 3506 5479 6085 7116 6258 6240 6085 7584 8051 8410 9016 7504 6810 7748 7543 6860 11490 11189 12044 12196 11286 10362 10494
 7406 7478 5463 4759 4746 5831 6668 7242 6090 5477 6270 7108 8274 8769 8048 7588 6147 5950 3223 3707 3764 4923 6324 3895 3367 701 0 1374 1647 2265 2761 2801 2706 4325 4411 5382 5765 5956 5901 5228 5554 2572 1738 3108 3691 4156 4542 3482 4062 4769 5144 4089 3203 2890 4883 5466 6573 5770 5858 5754 7166 7594 7862 8454 6820 6122 7087 6928 6317 10863 10545 11448 11608 11867 10991 11116
 8298 8213 5835 5153 4762 5885 6773 7299 5829 5156 5609 6571 7712 8228 7280 6746 5244 4940 3069 3723 4890 6081 7429 5214 4567 1635 1374 0 1138 2119 2532 1640 1372 2971 3172 4232 4676 4655 4556 3871 4224 1854 1063 4174 4940 5516 5537 4436 4089 4762 4759 3655 2769 2268 4091 4744 5604 4687 4616 4462 5966 6450 6895 7520 6450 5802 7485 7535 7149 11374 9881 10599 10734 11379 11812 11961
 7430 7257 4770 4100 3660 4783 5672 6197 4764 4104 4713 5611 6768 7275 6463 5986 4537 4349 1969 2622 4293 5484 6746 4906 4074 1386 1647 1138 0 1019 1428 1387 1642 3184 2977 3837 4184 4579 4650 4319 4793 2974 2180 4745 5298 5594 6174 5101 5162 5847 5882 4778 3890 3390 5165 5830 6586 5605 5365 5124 6749 7290 7866 8505 7573 6924 8472 8431 7913 12324 10960 11613 11736 10403 10874 11037
 6751 6510 3956 3294 2854 3975 4860 5394 4055 3424 4255 5052 6219 6710 6068 5664 4312 4257 1196 1808 3905 5061 6227 4755 3792 1729 2265 2119 1019 0 667 1940 2417 3782 3310 3939 4179 4910 5101 5005 5534 3932 3124 5273 5651 5718 6718 5688 6051 6746 6832 5729 4837 4346 6123 6790 7513 6509 6192 5910 7582 8149 8786 9429 8526 7872 9273 9155 8535 13083 11918 12547 12665 9772 10109 10281
 6542 6207 3516 2896 2268 3390 4284 4800 3393 2757 3618 4389 5556 6045 5443 5065 3765 3776 568 1258 4009 5117 6190 4994 3972 2209 2761 2532 1428 667 0 2022 2610 3789 3153 3616 3790 4706 4975 5056 5625 4362 3578 5783 6123 6116 7228 6205 6546 7236 7274 6170 5287 4778 6488 7164 7799 6763 6357 6037 7745 8340 9057 9707 8963 8319 9793 9680 9054 13607 12273 12837 12945 9131 9834 10019
 8501 8201 5487 4887 4089 5163 6059 6508 4769 4075 4187 5222 6319 6844 5755 5186 3669 3329 2476 3194 5597 6777 7985 6262 5410 2712 2801 1640 1387 1940 2022 0 714 1868 1638 2623 3056 3223 3284 3087 3632 3023 2474 5785 6481 6899 7162 6062 5483 6109 5829 4762 3973 3396 4774 5461 5897 4827 4359 4035 5745 6348 7128 7784 7458 6877 8983 9109 8771 12896 10474 10922 11017 9999 11831 12014
 8992 8750 6100 5477 4749 5835 6733 7191 5463 4769 4834 5886 6967 7494 6342 5746 4223 3817 3100 3819 5897 7090 8357 6417 5652 2795 2706 1372 1642 2417 2610 714 0 1637 1860 2985 3481 3294 3205 2691 3162 2403 1962 5501 6301 6860 6827 5725 4883 5486 5146 4092 3332 2750 4070 4757 5223 4169 3785 3510 5175 5751 6467 7121 6764 6192 8416 8603 8349 12336 9778 10257 10358 10647 12383 12557
 10305 9946 7138 6591 5616 6598 7463 7833 5906 5242 4781 5885 6821 7340 5913 5240 3803 3225 4168 4859 7435 8619 9833 8029 7227 4415 4325 2971 3184 3782 3789 1868 1637 0 1144 2176 2756 1864 1622 1317 1942 3436 3289 6980 7855 8472 8236 7143 5790 6285 5605 4707 4169 3617 4188 4828 4768 3646 2861 2429 4179 4843 5868 6526 7037 6584 9343 9694 9616 13247 9452 9634 9693 10405 13561 13756
 9604 9156 6282 5790 4701 5619 6461 6799 4838 4190 3661 4765 5709 6230 4845 4189 2714 2174 3426 4063 7045 8196 9315 7821 6914 4322 4411 3172 2977 3310 3153 1638 1860 1144 0 1195 1746 1636 1848 2319 2976 4128 3794 7330 8078 8516 8671 7568 6586 7136 6580 5618 4979 4401 5236 5893 5885 4763 3949 3491 5229 5909 6978 7634 8073 7586 10145 10400 10191 14066 10569 10733 10785 9313 12742 12949
 9760 9189 6263 5877 4629 5378 6143 6392 4369 3805 2875 3950 4774 5281 3784 3104 1723 1101 3725 4235 7599 8697 9698 8524 7543 5189 5382 4232 3837 3939 3616 2623 2985 2176 1195 0 616 1419 2005 3090 3735 5293 4931 8385 9066 9394 9754 8652 7754 8303 7722 6776 6147 5569 6334 6975 6822 5708 4774 4272 5935 6638 7834 8478 9182 8716 11313 11557 11317 15234 11492 11521 11550 8293 12692 12917
 9719 9098 6171 5836 4538 5200 5924 6135 4108 3593 2506 3555 4335 4838 3322 2641 1291 650 3822 4262 7754 8820 9761 8747 7736 5520 5765 4676 4184 4179 3790 3056 3481 2756 1746 616 0 1814 2458 3632 4271 5802 5407 8788 9425 9687 10174 9075 8272 8832 8272 7317 6672 6092 6893 7536 7375 6263 5315 4809 6451 7157 8374 9016 9740 9270 11827 12048 11773 15749 12041 12045 12069 7814 12533 12766
 11046 10519 7601 7179 5973 6756 7527 7774 5749 5189 4187 5224 5929 6411 4781 4078 2943 2296 4914 5491 8642 9783 10866 9432 8522 5915 5956 4655 4579 4910 4706 3223 3294 1864 1636 1419 1814 0 711 2163 2720 5272 5104 8763 9583 10090 10050 8952 7596 8060 7273 6454 5979 5439 5753 6333 5897 4827 3767 3242 4770 5480 6783 7406 8579 8198 11135 11519 11452 15022 10491 10368 10375 9286 14049 14270
 11418 10943 8044 7583 6433 7273 8070 8345 6328 5741 4827 5880 6608 7093 5467 4764 3604 2955 5245 5867 8828 9992 11132 9525 8667 5942 5901 4556 4650 5101 4975 3284 3205 1622 1848 2005 2458 711 0 1537 2042 4944 4869 8571 9455 10056 9807 8720 7168 7593 6732 5970 5568 5054 5177 5730 5217 4164 3080 2554 4060 4770 6079 6699 7976 7625 10675 11116 11125 14538 9791 9658 9666 9975 14510 14724
 11564 11226 8428 7876 6903 7874 8732 9087 7133 6482 5877 6974 7829 8335 6795 6098 4778 4148 5451 6146 8578 9771 11025 9059 8329 5439 5228 3871 4319 5005 5056 3087 2691 1317 2319 3090 3632 2163 1537 0 702 3778 3873 7553 8539 9307 8688 7630 5803 6180 5258 4549 4244 3782 3688 4235 3808 2717 1727 1232 2953 3638 4787 5432 6482 6135 9259 9761 9870 13094 8456 8493 8533 11314 14842 15034
 12112 11805 9033 8467 7527 8512 9374 9736 7788 7135 6534 7629 8472 8976 7417 6717 5422 4788 6041 6744 9027 10223 11507 9429 8751 5831 5554 4224 4793 5534 5625 3632 3162 1942 2976 3735 4271 2720 2042 702 0 3864 4070 7670 8708 9559 8728 7699 5650 5960 4931 4338 4166 3770 3325 3806 3207 2154 1082 568 2283 2966 4134 4775 6036 5744 9017 9591 9796 12800 7821 7825 7863 11937 15430 15617
 9947 9948 7665 6977 6601 7724 8615 9136 7606 6922 7189 8212 9320 9844 8734 8138 6616 6193 4904 5566 6334 7485 8894 6335 5923 3153 2572 1854 2974 3932 4362 3023 2403 3436 4128 5293 5802 5272 4944 3778 3864 0 822 4059 5115 6067 5164 4107 2734 3340 3167 2065 1212 669 2579 3196 4257 3513 3813 3847 5008 5363 5544 6135 4854 4215 6279 6535 6439 10201 8325 9143 9297 12953 13460 13595
 9088 9087 6824 6132 5806 6928 7814 8345 6878 6203 6589 7578 8707 9227 8206 7640 6122 5754 4118 4762 5500 6661 8060 5570 5103 2295 1738 1063 2180 3124 3578 2474 1962 3289 3794 4931 5407 5104 4869 3873 4070 822 0 3719 4676 5504 4958 3864 3062 3723 3720 2617 1723 1258 3196 3814 4847 4049 4222 4186 5484 5884 6138 6737 5415 4758 6522 6658 6407 10432 8941 9759 9910 12383 12648 12784
 8518 8972 7767 7102 7494 8481 9220 9824 8989 8432 9353 10142 11309 11789 11148 10695 9251 9032 6187 6531 4763 5507 6887 3843 4214 3580 3108 4174 4745 5273 5783 5785 5501 6980 7330 8385 8788 8763 8571 7553 7670 4059 3719 0 1219 2560 1458 573 3276 3782 4889 4290 3822 4011 5601 5894 7425 7033 7588 7680 8637 8847 8572 9022 6185 5498 4756 4232 3333 8166 10250 11586 11807 14835 12066 12118
 7824 8396 7570 6951 7552 8448 9110 9719 9123 8627 9712 10405 11561 12018 11540 11144 9761 9614 6451 6675 4247 4780 6078 3075 3716 3984 3691 4940 5298 5651 6123 6481 6301 7855 8078 9066 9425 9583 9455 8539 8708 5115 4676 1219 0 1452 1717 1594 4469 4947 6086 5487 4984 5125 6787 7093 8615 8190 8692 8752 9784 10017 9771 10224 7342 6665 5506 4771 3593 8564 11410 12775 12998 14972 11287 11317
 6595 7272 6868 6321 7147 7911 8471 9074 8766 8354 9615 10177 11302 11724 11454 11134 9851 9800 6336 6405 3329 3583 4772 1940 2872 4214 4156 5516 5594 5718 6116 6899 6860 8472 8516 9394 9687 10090 10056 9307 9559 6067 5504 2560 1452 0 3038 3004 5814 6330 7416 6731 6132 6180 7977 8342 9811 9291 9675 9675 10849 11139 11007 11490 8733 8046 6868 6051 4764 9705 12798 14123 14339 14552 9975 9989
 9505 10066 9095 8448 8908 9872 10587 11195 10420 9870 10797 11587 12753 13233 12588 12128 10675 10437 7630 7960 5893 6461 7750 4756 5353 5025 4542 5537 6174 6718 7228 7162 6827 8236 8671 9754 10174 10050 9807 8688 8728 5164 4958 1458 1717 3038 0 1138 3635 3912 5212 4902 4671 4995 6265 6413 8018 7808 8512 8672 9426 9543 9052 9423 6185 5567 3835 3059 1943 6885 10209 11713 11957 16272 12966 12991
 9075 9532 8301 7631 7983 8986 9737 10340 9455 8883 9751 10569 11736 12223 11528 11056 9593 9344 6630 7004 5323 6059 7431 4387 4774 4008 3482 4436 5101 5688 6205 6062 5725 7143 7568 8652 9075 8952 8720 7630 7699 4107 3864 573 1594 3004 1138 0 2950 3391 4572 4077 3715 3980 5420 5655 7223 6908 7538 7668 8523 8692 8329 8752 5780 5107 4213 3707 2882 7651 9848 11233 11460 15285 12614 12664
 11161 11393 9524 8820 8715 9826 10687 11246 9895 9229 9633 10630 11756 12277 11211 10619 9097 8672 7075 7662 7339 8320 9757 6806 6824 4762 4062 4089 5162 6051 6546 5483 4883 5790 6586 7754 8272 7596 7168 5803 5650 2734 3062 3276 4469 5814 3635 2950 0 727 1642 1391 1654 2219 2724 2800 4413 4318 5186 5454 5918 5969 5441 5834 3012 2301 3581 3977 4226 7500 7039 8330 8550 15432 14769 14860
 11835 12084 10231 9527 9414 10527 11390 11947 10577 9908 10271 11281 12399 12921 11818 11215 9693 9247 7767 8361 8009 8969 10401 7425 7488 5469 4769 4762 5847 6746 7236 6109 5486 6285 7136 8303 8832 8060 7593 6180 5960 3340 3723 3782 4947 6330 3912 3391 727 0 1385 1656 2194 2775 2817 2715 4327 4411 5383 5703 5963 5932 5234 5561 2435 1748 3113 3688 4172 6995 6499 7880 8113 16074 15438 15526
 12477 12614 10512 9814 9511 10634 11522 12047 10506 9819 9964 11022 12095 12622 11378 10738 9237 8729 7816 8470 8694 9739 11180 8298 8204 5822 5144 4759 5882 6832 7274 5829 5146 5605 6580 7722 8272 7273 6732 5258 4931 3167 3720 4889 6086 7416 5212 4572 1642 1385 0 1134 2035 2533 1643 1368 2960 3159 4220 4601 4649 4574 3864 4218 1704 1060 4166 4924 5519 7878 5518 6718 6931 15768 16083 16191
 11466 11567 9418 8722 8407 9530 10418 10944 9413 8727 8917 9964 11050 11576 10378 9751 8239 7756 6712 7366 7718 8797 10235 7428 7246 4755 4089 3655 4778 5729 6170 4762 4092 4707 5618 6776 7317 6454 5970 4549 4338 2065 2617 4290 5487 6731 4902 4077 1391 1656 1134 0 934 1428 1389 1637 3172 2963 3824 4108 4572 4667 4311 4786 2823 2176 4736 5281 5596 8597 6500 7547 7738 14724 15061 15177
 10597 10678 8516 7819 7518 8641 9527 10057 8558 7876 8140 9168 10272 10797 9660 9053 7532 7084 5828 6475 6876 7978 9411 6669 6419 3861 3203 2769 3890 4837 5287 3973 3332 4169 4979 6147 6672 5979 5568 4244 4166 1212 1723 3822 4984 6132 4671 3715 1654 2194 2035 934 0 613 1888 2358 3716 3242 3872 4049 4849 5064 4943 5473 3727 3066 5210 5580 5666 9124 7374 8347 8524 13949 14185 14305
 10291 10320 8071 7380 7017 8140 9030 9552 8015 7330 7563 8596 9695 10221 9076 8469 6948 6501 5320 5981 6633 7765 9186 6545 6201 3506 2890 2268 3390 4346 4778 3396 2750 3617 4401 5569 6092 5439 5054 3782 3770 669 1258 4011 5125 6180 4995 3980 2219 2775 2533 1428 613 0 2028 2609 3781 3143 3607 3718 4703 4996 5052 5622 4215 3578 5778 6110 6122 9696 7720 8588 8750 13373 13862 13992
 12272 12266 9904 9228 8718 9830 10729 11214 9523 8829 8768 9855 10876 11402 10056 9392 7925 7374 7021 7719 8631 9761 11183 8506 8197 5479 4883 4091 5165 6123 6488 4774 4070 4188 5236 6334 6893 5753 5177 3688 3325 2579 3196 5601 6787 7977 6265 5420 2724 2817 1643 1389 1888 2028 0 713 1860 1628 2614 2984 3220 3305 3083 3629 2876 2474 5780 6468 6905 9508 5821 6592 6750 14513 15831 15966
 12870 12891 10566 9887 9398 10510 11410 11897 10210 9516 9444 10533 11547 12072 10709 10040 8583 8023 7699 8394 9188 10301 11731 8990 8739 6085 5466 4744 5830 6790 7164 5461 4757 4828 5893 6975 7536 6333 5730 4235 3806 3196 3814 5894 7093 8342 6413 5655 2800 2715 1368 1637 2358 2609 713 0 1625 1846 2972 3405 3287 3222 2683 3155 2252 1958 5492 6284 6862 9104 5142 5999 6173 15182 16446 16576
 13886 13799 11283 10635 9962 11040 11935 12373 10546 9861 9521 10625 11544 12058 10554 9860 8501 7888 8306 9024 10336 11490 12896 10296 9928 7116 6573 5604 6586 7513 7799 5897 5223 4768 5885 6822 7375 5897 5217 3808 3207 4257 4847 7425 8615 9811 8018 7223 4413 4327 2960 3172 3716 3781 1860 1625 0 1125 2158 2675 1852 1634 1304 1930 3280 3280 6966 7833 8469 10395 4695 5049 5163 15077 17404 17554
 12969 12832 10254 9619 8896 9963 10856 11283 9439 8756 8399 9503 10424 10939 9447 8755 7385 6774 7259 7979 9514 10688 12071 9593 9136 6258 5770 4687 5605 6509 6763 4827 4169 3646 4763 5708 6263 4827 4164 2717 2154 3513 4049 7033 8190 9291 7808 6908 4318 4411 3159 2963 3242 3143 1628 1846 1125 0 1176 1664 1623 1859 2305 2963 3971 3784 7315 8055 8512 10943 5811 6101 6195 13970 16453 16612
 12759 12524 9823 9226 8370 9391 10268 10655 8739 8073 7551 8650 9513 10019 8468 7769 6462 5831 6812 7527 9496 10688 12023 9750 9170 6240 5858 4616 5365 6192 6357 4359 3785 2861 3949 4774 5315 3767 3080 1727 1082 3813 4222 7588 8692 9675 8512 7538 5186 5383 4220 3824 3872 3607 2614 2972 2158 1176 0 534 1406 2016 3076 3722 5136 4921 8370 9043 9390 12061 6754 6800 6851 12991 16155 16331
 12490 12217 9475 8895 7992 8993 9862 10235 8299 7640 7067 8163 9010 9514 7952 7252 5959 5326 6471 7181 9317 10512 11822 9646 9016 6085 5754 4462 5124 5910 6037 4035 3510 2429 3491 4272 4809 3242 2554 1232 568 3847 4186 7680 8752 9675 8672 7668 5454 5703 4601 4108 4049 3718 2984 3405 2675 1664 534 0 1760 2428 3577 4217 5604 5356 8732 9361 9642 12466 7267 7271 7312 12476 15849 16031
 14146 13914 11205 10612 9736 10743 11613 11984 10041 9386 8761 9848 10647 11140 9526 8823 7609 6965 8195 8909 10847 12035 13384 11042 10506 7584 7166 5966 6749 7582 7745 5745 5175 4179 5229 5935 6451 4770 4060 2953 2283 5008 5484 8637 9784 10849 9426 8523 5918 5963 4649 4572 4849 4703 3220 3287 1852 1623 1406 1760 0 726 2153 2711 5119 5098 8752 9564 10090 12233 5845 5616 5633 14026 17545 17721
 14688 14489 11815 11211 10370 11391 12266 12647 10717 10057 9460 10549 11354 11848 10236 9533 8315 7672 8803 9520 11315 12497 13865 11438 10954 8051 7594 6450 7290 8149 8340 6348 5751 4843 5909 6638 7157 5480 4770 3638 2966 5363 5884 8847 10017 11139 9543 8692 5969 5932 4574 4667 5064 4996 3305 3222 1634 1859 2016 2428 726 0 1544 2050 4808 4880 8577 9453 10073 11936 5184 4924 4944 14733 18115 18286
 15179 15085 12546 11905 11197 12263 13155 13578 11715 11036 10600 11701 12573 13078 11517 10816 9522 8891 9557 10276 11625 12775 14185 11559 11212 8410 7862 6895 7866 8786 9057 7128 6467 5868 6978 7834 8374 6783 6079 4787 4134 5544 6138 8572 9771 11007 9052 8329 5441 5234 3864 4311 4943 5052 3083 2683 1304 2305 3076 3577 2153 1544 0 693 3625 3867 7542 8520 9307 10676 3750 3830 3923 16034 18689 18841
 15796 15718 13195 12550 11853 12921 13813 14237 12375 11696 11252 12353 13216 13721 12149 11447 10166 9533 10210 10928 12215 13356 14772 12108 11792 9016 8454 7520 8505 9429 9707 7784 7121 6526 7634 8478 9016 7406 6699 5432 4775 6135 6737 9022 10224 11490 9423 8752 5834 5561 4218 4786 5473 5622 3629 3155 1930 2963 3722 4217 2711 2050 693 0 3711 4064 7659 8689 9559 10610 3155 3159 3259 16664 19319 19468
 14102 14275 12207 11509 11201 12324 13214 13737 12169 11478 11552 12625 13675 14201 12894 12235 10757 10218 9505 10163 10296 11303 12742 9799 9791 7504 6820 6450 7573 8526 8963 7458 6764 7037 8073 9182 9740 8579 7976 6482 6036 4854 5415 6185 7342 8733 6185 5780 3012 2435 1704 2823 3727 4215 2876 2252 3280 3971 5136 5604 5119 4808 3625 3711 0 721 3953 5001 5972 7133 4072 5540 5791 17334 17713 17814
 13389 13568 11528 10828 10553 11675 12562 13091 11558 10871 11005 12067 13134 13661 12397 11749 10256 9735 8861 9510 9582 10588 12027 9087 9077 6810 6122 5802 6924 7872 8319 6877 6192 6584 7586 8716 9270 8198 7625 6135 5744 4215 4758 5498 6665 8046 5567 5107 2301 1748 1060 2176 3066 3578 2474 1958 3280 3784 4921 5356 5098 4880 3867 4064 721 0 3710 4659 5506 7171 4759 6157 6397 16803 16999 17099
 13240 13715 12358 11669 11827 12895 13704 14293 13158 12523 13084 14039 15185 15700 14718 14144 12623 12218 10291 10793 9506 10208 11543 8512 8957 7748 7087 7485 8472 9273 9793 8983 8416 9343 10145 11313 11827 11135 10675 9259 9017 6279 6522 4756 5506 6868 3835 4213 3581 3113 4166 4736 5210 5778 5780 5492 6966 7315 8370 8732 8752 8577 7542 7659 3953 3710 0 1199 2559 3923 7341 9113 9393 18845 16754 16790
 12559 13109 11977 11305 11597 12628 13398 13998 13011 12404 13105 14007 15167 15671 14805 14267 12756 12402 10149 10589 8918 9515 10795 7810 8373 7543 6928 7535 8431 9155 9680 9109 8603 9694 10400 11557 12048 11519 11116 9761 9591 6535 6658 4232 4771 6051 3059 3707 3977 3688 4924 5281 5580 6110 6468 6284 7833 8055 9043 9361 9564 9453 8520 8689 5001 4659 1199 0 1446 3968 8526 10279 10556 18786 16008 16027
 11333 11945 11033 10384 10815 11795 12520 13126 12303 11735 12584 13417 14584 15073 14345 13852 12369 12079 9482 9848 7802 8297 9526 6600 7268 6860 6317 7149 7913 8535 9054 8771 8349 9616 10191 11317 11773 11452 11125 9870 9796 6439 6407 3333 3593 4764 1943 2882 4226 4172 5519 5596 5666 6122 6905 6862 8469 8512 9390 9642 10090 10073 9307 9559 5972 5506 2559 1446 0 4988 9731 11417 11684 18139 14723 14730
 16289 16918 15920 15253 15552 16585 17354 17954 16952 16336 16972 17904 19058 19568 18627 18061 16540 16139 14086 14541 12770 13261 14456 11568 12232 11490 10863 11374 12324 13083 13607 12896 12336 13247 14066 15234 15749 15022 14538 13094 12800 10201 10432 8166 8564 9705 6885 7651 7500 6995 7878 8597 9124 9696 9508 9104 10395 10943 12061 12466 12233 11936 10676 10610 7133 7171 3923 3968 4988 0 9213 11117 11413 22696 19623 19615
 17939 18008 15699 15023 14491 15593 16493 16959 15187 14497 14205 15309 16223 16735 15206 14508 13177 12557 12801 13506 14188 15247 16687 13802 13707 11189 10545 9881 10960 11918 12273 10474 9778 9452 10569 11492 12041 10491 9791 8456 7821 8325 8941 10250 11410 12798 10209 9848 7039 6499 5518 6500 7374 7720 5821 5142 4695 5811 6754 7267 5845 5184 3750 3155 4072 4759 7341 8526 9731 9213 0 1905 2201 19733 21535 21654
 18837 18803 16321 15671 14991 16060 16952 17374 15501 14825 14328 15424 16245 16739 15123 14420 13202 12561 13343 14061 15182 16294 17725 14949 14733 12044 11448 10599 11613 12547 12837 10922 10257 9634 10733 11521 12045 10368 9658 8493 7825 9143 9759 11586 12775 14123 11713 11233 8330 7880 6718 7547 8347 8588 6592 5999 5049 6101 6800 7271 5616 4924 3830 3159 5540 6157 9113 10279 11417 11117 1905 0 304 19615 22390 22530
 18988 18938 16432 15787 15086 16148 17038 17453 15566 14894 14366 15458 16264 16755 15127 14424 13227 12583 13447 14166 15350 16469 17897 15140 14907 12196 11608 10734 11736 12665 12945 11017 10358 9693 10785 11550 12069 10375 9666 8533 7863 9297 9910 11807 12998 14339 11957 11460 8550 8113 6931 7738 8524 8750 6750 6173 5163 6195 6851 7312 5633 4944 3923 3259 5791 6397 9393 10556 11684 11413 2201 304 0 19610 22533 22677
 10479 9384 7886 8303 7447 6688 6272 5780 5874 6434 5844 4809 3689 3175 4559 5252 6612 7239 8667 8332 11400 11833 11832 12836 11751 11286 11867 11379 10403 9772 9131 9999 10647 10405 9313 8293 7814 9286 9975 11314 11937 12953 12383 14835 14972 14552 16272 15285 15432 16074 15768 14724 13949 13373 14513 15182 15077 13970 12991 12476 14026 14733 16034 16664 17334 16803 18845 18786 18139 22696 19733 19615 19610 0 11115 11409
 3616 3663 6491 6992 8094 7402 6783 6842 8634 9025 10483 9936 10290 10285 11494 11783 11659 12171 9404 8722 7447 6577 5248 8249 7975 10362 10991 11812 10874 10109 9834 11831 12383 13561 12742 12692 12533 14049 14510 14842 15430 13460 12648 12066 11287 9975 12966 12614 14769 15438 16083 15061 14185 13862 15831 16446 17404 16453 16155 15849 17545 18115 18689 19319 17713 16999 16754 16008 14723 19623 21535 22390 22533 11115 0 309
 3721 3845 6704 7190 8314 7642 7038 7108 8885 9266 10735 10202 10568 10567 11765 12047 11904 12409 9597 8921 7535 6633 5280 8292 8057 10494 11116 11961 11037 10281 10019 12014 12557 13756 12949 12917 12766 14270 14724 15034 15617 13595 12784 12118 11317 9989 12991 12664 14860 15526 16191 15177 14305 13992 15966 16576 17554 16612 16331 16031 17721 18286 18841 19468 17814 17099 16790 16027 14730 19615 21654 22530 22677 11409 309 0

 0 1133 3633 3914 5235 4916 4682 5011 6269 6430 8025 7819 8516 8679 9432 9551 9041 9474 6214 5572 3854 3082 1960 4788 4389 6802 7426 8314 7443 6665 6536 8509 9002 10320 9613 9750 9665 11042 11445 11554 12114 9811 9096 8527 7813 6606 9520 9080 11171 11837 12484 11464 10598 10300 12274 13040 13893 12975 12775 12509 14166 14702 15189 15808 14131 13404 13264 12577 11332 16280 17968 18862 19007 10493 3624 3736
 1133 0 2931 3376 4578 4074 3709 3979 5407 5655 7213 6902 7525 7658 8512 8683 8301 8786 5792 5095 4215 3713 2882 5375 4766 6810 7479 8210 7251 6405 6182 8190 8741 9942 9146 9160 9025 10496 10951 11197 11788 9793 9076 8962 8366 7264 10062 9518 11384 12067 12602 11546 10660 10310 12249 13042 13787 12819 12521 12217 13915 14484 15076 15711 14285 13564 13720 13108 11925 16890 18018 18809 18938 9379 3652 3841
 3633 2931 0 714 1650 1390 1650 2220 2713 2802 4405 4314 5175 5446 5909 5962 5415 5870 3026 2291 3585 3985 4228 5051 4004 4752 5464 5832 4764 3851 3491 5476 6091 7134 6272 6234 6098 7578 8052 8399 9016 7510 6813 7757 7540 6860 9091 8287 9515 10214 10500 9397 8498 8061 9887 10717 11271 10241 9820 9475 11206 11810 12537 13188 12217 11524 12363 11976 11013 15892 15709 16327 16432 7881 6480 6700
 3914 3376 714 0 1396 1658 2193 2779 2809 2720 4322 4410 5375 5698 5957 5928 5211 5600 2452 1741 3120 3699 4177 4575 3485 4059 4771 5161 4105 3200 2882 4887 5479 6598 5791 5859 5774 7167 7602 7858 8461 6833 6132 7103 6932 6324 8455 7628 8822 9521 9813 8712 7812 7381 9222 10049 10634 9617 9234 8906 10624 11217 11907 12554 11530 10835 11685 11315 10375 15236 15044 15688 15798 8309 6992 7197
 5235 4578 1650 1396 0 1150 2048 2551 1649 1387 2969 3172 4226 4610 4657 4584 3855 4271 1735 1067 4187 4949 5538 5571 4440 4087 4765 4777 3672 2767 2261 4096 4758 5630 4709 4618 4483 5968 6459 6892 7528 6464 5813 7502 7540 7157 8922 7987 8724 9415 9517 8404 7518 7025 8719 9567 9968 8901 8385 8010 9755 10383 11206 11864 11229 10567 11850 11614 10813 15542 14519 15015 15104 7460 8101 8328
 4916 4074 1390 1658 1150 0 941 1440 1389 1650 3175 2970 3824 4111 4574 4671 4296 4833 2848 2177 4751 5300 5609 6201 5098 5153 5843 5893 4788 3881 3376 5163 5837 6605 5620 5360 5138 6744 7292 7856 8506 7580 6928 8482 8429 7914 9879 8983 9828 10521 10633 9520 8634 8141 9824 10672 11039 9961 9399 9004 10755 11397 12265 12925 12345 11682 12911 12638 11786 16568 15614 16077 16159 6694 7402 7649
 4682 3709 1650 2193 2048 941 0 623 1886 2369 3717 3247 3870 4050 4849 5066 4926 5518 3750 3065 5223 5597 5677 6689 5629 5986 6686 6787 5683 4772 4276 6065 6741 7476 6468 6131 5868 7521 8095 8720 9374 8477 7820 9227 9097 8480 10600 9740 10695 11390 11527 10414 9526 9037 10729 11578 11940 10860 10282 9879 11631 12278 13163 13823 13241 12575 13726 13414 12517 17343 16520 16975 17055 6284 6789 7051
 5011 3979 2220 2779 2551 1440 623 0 2029 2623 3785 3151 3608 3722 4706 5001 5038 5670 4241 3580 5794 6130 6136 7260 6207 6542 7237 7290 6185 5283 4769 6491 7176 7823 6783 6357 6056 7745 8347 9052 9713 8975 8328 9808 9683 9060 11185 10320 11231 11924 12029 10917 10033 9536 11191 12042 12355 11264 10646 10229 11979 12636 13563 14224 13741 13081 14292 13991 13100 17920 16963 17374 17447 5769 6825 7098
 6269 5407 2713 2809 1649 1389 1886 2029 0 720 1857 1629 2608 2981 3216 3303 3062 3670 2895 2469 5789 6481 6912 7187 6057 5472 6103 5838 4770 3962 3380 4770 5466 5914 4840 4352 4047 5738 6348 7116 7783 7463 6879 8991 9105 8770 10428 9453 9898 10572 10506 9404 8552 8017 9518 10373 10546 9438 8748 8311 10054 10724 11718 12380 12191 11566 13175 13022 12295 16936 15209 15519 15578 5881 8635 8893
 6430 5655 2802 2720 1387 1650 2369 2623 720 0 1630 1855 2974 3410 3291 3228 2670 3204 2279 1961 5509 6305 6877 6856 5724 4876 5484 5159 4104 3325 2738 4070 4766 5244 4186 3782 3526 5172 5755 6459 7124 6773 6198 8428 8603 8352 9872 8875 9226 9897 9813 8712 7864 7326 8818 9673 9855 8749 8076 7646 9393 10058 11033 11695 11494 10873 12534 12409 11721 16314 14513 14837 14900 6435 9020 9268
 8025 7213 4405 4322 2969 3175 3717 3785 1857 1630 0 1128 2154 2674 1850 1634 1285 1973 3301 3277 6977 7848 8478 8254 7131 5772 6272 5607 4708 4151 3594 4177 4826 4778 3652 2847 2434 4165 4836 5849 6518 7035 6579 9344 9683 9608 10794 9738 9625 10255 9953 8897 8123 7554 8752 9596 9510 8387 7549 7068 8763 9456 10592 11246 11563 11002 13090 13105 12565 16945 14216 14335 14367 5840 10473 10732
 7819 6902 4314 4410 3172 2970 3247 3151 1629 1855 1128 0 1174 1665 1623 1861 2288 3008 3994 3783 7328 8072 8523 8690 7557 6569 7124 6583 5620 4962 4379 5226 5892 5896 4770 3936 3497 5216 5903 6960 7627 8072 7582 10147 10390 10184 11598 10570 10636 11279 11025 9958 9165 8601 9853 10699 10628 9505 8662 8178 9864 10559 11707 12361 12650 12078 14059 14021 13412 17891 15334 15445 15473 4819 9940 10213
 8516 7525 5175 5375 4226 3824 3870 3608 2608 2974 2154 1174 0 531 1402 2014 3055 3763 5155 4916 8379 9056 9397 9769 8637 7733 8287 7721 6774 6126 5543 6320 6970 6829 5711 4757 4274 5918 6628 7812 8467 9177 8708 11311 11543 11306 12761 11734 11759 12394 12095 11041 10266 9697 10871 11710 11544 10423 9522 9022 10660 11361 12576 13221 13697 13142 15202 15178 14576 19042 16245 16263 16276 3696 10291 10576
 8679 7658 5446 5698 4610 4111 4050 3722 2981 3410 2674 1665 531 0 1757 2427 3557 4259 5624 5352 8742 9375 9650 10149 9020 8211 8776 8231 7275 6611 6026 6839 7491 7342 6226 5258 4771 6394 7107 8312 8965 9695 9222 11785 11994 11722 13235 12215 12274 12910 12616 11561 10785 10217 11391 12229 12052 10932 10022 9520 11147 11849 13075 13720 14217 13663 15711 15676 15059 19546 16751 16751 16761 3176 10280 10569
 9432 8512 5909 5957 4657 4574 4849 4706 3216 3291 1850 1623 1402 1757 0 725 2133 2753 5139 5094 8762 9578 10098 10070 8942 7580 8049 7277 6457 5963 5418 5744 6333 5909 4835 3755 3249 4758 5475 6766 7400 8579 8195 11138 11510 11446 12584 11514 11202 11801 11366 10357 9642 9066 10039 10860 10542 9434 8465 7952 9527 10231 11508 12142 12904 12393 14723 14804 14325 18599 15216 15129 15127 4554 11483 11761
 9551 8683 5962 5928 4584 4671 5066 5001 3303 3228 1634 1861 2014 2427 725 0 1525 2093 4829 4877 8588 9468 10082 9845 8728 7170 7600 6754 5991 5570 5051 5186 5748 5247 4190 3086 2579 4066 4783 6080 6711 7994 7640 10696 11125 11137 12135 11053 10621 11209 10737 9741 9046 8470 9386 10202 9859 8753 7777 7263 8835 9539 10818 11451 12256 11756 14160 14277 13843 18044 14529 14437 14435 5258 11783 12054
 9041 8301 5415 5211 3855 4296 4926 5038 3062 2670 1285 2288 3055 3557 2133 1525 0 723 3633 3851 7540 8522 9303 8696 7608 5775 6157 5250 4540 4216 3749 3667 4223 3808 2713 1703 1227 2929 3621 4758 5414 6470 6120 9250 9740 9852 10680 9588 9097 9685 9234 8227 7523 6947 7917 8743 8498 7381 6468 5968 7619 8319 9522 10168 10776 10261 12637 12764 12358 16521 13196 13217 13236 6616 11657 11909
 9474 8786 5870 5600 4271 4833 5518 5670 3670 3204 1973 3008 3763 4259 2753 2093 723 0 3761 4090 7699 8733 9597 8778 7719 5664 5979 4965 4371 4180 3779 3346 3836 3249 2192 1100 605 2301 2991 4147 4799 6066 5771 9050 9612 9820 10461 9358 8691 9258 8745 7763 7094 6519 7385 8202 7904 6789 5856 5354 6994 7695 8910 9554 10256 9759 12251 12429 12087 16139 12595 12595 12611 7262 12188 12433
 6214 5792 3026 2452 1735 2848 3750 4241 2895 2279 3301 3994 5155 5624 5139 4829 3633 3761 0 732 3978 5030 5995 5104 4017 2638 3249 3091 1988 1116 568 2490 3116 4189 3441 3721 3774 4916 5278 5447 6049 4774 4132 6202 6446 6353 7651 6641 7091 7775 7829 6716 5835 5335 7029 7875 8319 7271 6834 6496 8221 8823 9573 10228 9540 8882 10321 10173 9487 14083 12836 13374 13472 8687 9418 9618
 5572 5095 2291 1741 1067 2177 3065 3580 2469 1961 3277 3783 4916 5352 5094 4877 3851 4090 732 0 3719 4672 5513 4979 3855 3047 3713 3725 2621 1708 1238 3188 3815 4860 4058 4211 4194 5473 5880 6122 6732 5416 4756 6526 6650 6402 7961 6995 7658 8349 8463 7350 6462 5976 7707 8550 9017 7971 7529 7186 8915 9520 10272 10926 10178 9511 10803 10593 9833 14518 13521 14072 14171 8332 8716 8922
 3854 4215 3585 3120 4187 4751 5223 5794 5789 5509 6977 7328 8379 8742 8762 8588 7540 7699 3978 3719 0 1222 2576 1486 571 3268 3779 4901 4301 3814 3998 5600 5902 7445 7049 7584 7695 8633 8850 8563 9024 6193 5503 4767 4231 3335 5903 5323 7344 8006 8696 7711 6872 6637 8628 9353 10338 9515 9507 9331 10862 11324 11630 12222 10320 9592 9525 8931 7796 12756 14212 15202 15364 11409 7450 7545
 3082 3713 3985 3699 4949 5300 5597 6130 6481 6305 7848 8072 9056 9375 9578 9468 8522 8733 5030 4672 1222 0 1465 1742 1589 4458 4941 6095 5495 4973 5109 6783 7098 8632 8203 8685 8764 9777 10017 9759 10223 7347 6667 5514 4767 3592 6474 6062 8328 8969 9744 8793 7977 7772 9761 10469 11495 10692 10702 10529 12053 12509 12783 13366 11330 10601 10230 9531 8294 13250 15274 16317 16486 11845 6583 6646
 1960 2882 4228 4177 5538 5609 5677 6136 6912 6877 8478 8523 9397 9650 10098 10082 9303 9597 5995 5513 2576 1465 0 3071 3007 5811 6332 7433 6747 6129 6172 7981 8355 9836 9312 9676 9695 10850 11147 11003 11497 8746 8056 6884 6055 4771 7753 7424 9755 10391 11175 10221 9400 9183 11173 11889 12891 12065 12027 11829 13392 13867 14183 14772 12759 12030 11555 10801 9513 14435 16704 17738 17904 11834 5244 5283
 4788 5375 5051 4575 5571 6201 6689 7260 7187 6856 8254 8690 9769 10149 10070 9845 8696 8778 5104 4979 1486 1742 3071 0 1149 3640 3922 5237 4926 4676 4995 6277 6434 8051 7837 8521 8700 9435 9559 9056 9438 6206 5585 3859 3071 1958 4778 4399 6823 7434 8312 7433 6677 6561 8515 9167 10310 9606 9773 9672 11069 11459 11576 12127 9835 9109 8543 7835 6606 11566 13838 14981 15166 12857 8264 8314
 4389 4766 4004 3485 4440 5098 5629 6207 6057 5724 7131 7557 8637 9020 8942 8728 7608 7719 4017 3855 571 1589 3007 1149 0 2935 3381 4577 4081 3700 3960 5412 5656 7236 6917 7527 7676 8512 8688 8313 8747 5781 5105 4217 3699 2877 5362 4773 6828 7484 8205 7238 6414 6204 8193 8903 9929 9136 9180 9029 10520 10962 11216 11798 9814 9086 8975 8385 7261 12217 13730 14752 14920 11759 7977 8066
