17 5

 0 129 138 111 256 179 270 107 222 228 246 245 233 208 183 253 133
 129 0 72 65 157 101 166 66 172 165 202 152 129 155 75 143 41
 138 72 0 52 165 72 182 86 200 126 165 154 164 181 100 185 58
 111 65 52 0 178 94 194 62 177 142 165 166 162 159 109 185 58
 256 157 165 178 0 138 202 167 275 230 269 202 217 257 120 220 120
 179 101 72 94 138 0 182 129 242 169 188 171 192 222 101 204 89
 270 166 182 194 202 182 0 177 284 246 285 218 226 267 107 219 133
 107 66 86 62 167 129 177 0 136 178 198 189 172 130 120 186 75
 222 172 200 177 275 242 284 136 0 258 280 265 245 204 191 255 151
 228 165 126 142 230 169 246 178 258 0 224 219 227 241 165 249 121
 246 202 165 165 269 188 285 198 280 224 0 257 264 264 202 286 158
 245 152 154 166 202 171 218 189 265 219 257 0 211 247 135 224 110
 233 129 164 162 217 192 226 172 245 227 264 211 0 228 137 210 102
 208 155 181 159 257 222 267 130 204 241 264 247 228 0 176 242 133
 183 75 100 109 120 101 107 120 191 165 202 135 137 176 0 154 79
 253 143 185 185 220 204 219 186 255 249 286 224 210 242 154 0 124
 133 41 58 58 120 89 133 75 151 121 158 110 102 133 79 124 0

 0 70 72 140 97 209 109 140 59 69 179 84 167 41 212 91 161
 70 0 76 164 68 201 75 169 79 76 205 61 133 58 174 51 139
 72 76 0 147 72 168 87 185 103 33 164 59 164 80 195 89 152
 140 164 147 0 149 254 163 225 144 113 228 135 226 122 268 153 216
 97 68 72 149 0 172 45 204 116 75 206 45 155 94 153 62 152
 209 201 168 254 172 0 151 292 209 140 251 140 256 185 260 172 247
 109 75 87 163 45 151 0 213 124 90 221 60 163 103 139 60 164
 140 169 185 225 204 292 213 0 105 151 263 160 238 95 281 156 235
 59 79 103 144 116 209 124 105 0 101 215 106 181 39 222 95 181
 69 76 33 113 75 140 90 151 101 0 161 62 165 78 198 91 153
 179 205 164 228 206 251 221 263 215 161 0 162 264 163 297 190 252
 84 61 59 135 45 140 60 160 106 62 162 0 147 82 166 64 140
 167 133 164 226 155 256 163 238 181 165 264 147 0 127 232 114 196
 41 58 80 122 94 185 103 95 39 78 163 82 127 0 204 79 160
 212 174 195 268 153 260 139 281 222 198 297 166 232 204 0 121 236
 91 51 89 153 62 172 60 156 95 91 190 64 114 79 121 0 154
 161 139 152 216 152 247 164 235 181 153 252 140 196 160 236 154 0

 0 227 229 112 257 181 270 111 119 229 146 245 132 110 178 252 130
 227 0 230 133 225 170 233 137 136 233 169 219 95 124 137 209 105
 229 230 0 116 229 137 245 153 160 190 128 217 126 146 158 247 118
 112 133 116 0 182 99 197 69 77 146 68 169 64 64 107 187 58
 257 225 229 182 0 142 204 173 174 233 171 204 118 161 117 221 119
 181 170 137 99 142 0 185 136 142 173 91 174 94 127 99 206 89
 270 233 245 197 204 185 0 183 183 249 187 220 127 171 104 220 132
 111 137 153 69 173 136 183 0 38 184 103 194 76 37 120 190 77
 119 136 160 77 174 142 183 38 0 192 113 198 77 39 119 187 81
 229 233 190 146 233 173 249 184 192 0 126 221 128 145 162 250 120
 146 169 128 68 171 91 187 103 113 126 0 192 98 101 132 220 90
 245 219 217 169 204 174 220 194 198 221 192 0 111 150 131 224 108
 132 95 126 64 118 94 127 76 77 128 98 111 0 64 66 143 33
 110 124 146 64 161 127 171 37 39 145 101 150 64 0 108 178 67
 178 137 158 107 117 99 104 120 119 162 132 131 66 108 0 151 74
 252 209 247 187 221 206 220 190 187 250 220 224 143 178 151 0 122
 130 105 118 58 119 89 132 77 81 120 90 108 33 67 74 122 0

 0 71 65 144 95 210 107 143 58 165 178 178 165 145 213 191 164
 71 0 68 167 65 201 72 171 77 171 203 154 130 161 174 150 141
 65 68 0 145 64 163 79 182 96 123 157 147 156 178 190 183 149
 144 167 145 0 148 256 162 229 144 210 228 230 225 227 270 254 220
 95 65 64 148 0 170 40 204 112 168 202 136 150 195 151 159 152
 210 201 163 256 170 0 148 294 207 235 249 233 253 288 260 271 249
 107 72 79 162 40 148 0 213 120 183 217 151 158 204 137 157 164
 143 171 182 229 204 294 213 0 105 248 263 255 237 200 283 257 239
 58 77 96 144 112 207 120 105 0 194 211 197 176 140 220 192 181
 165 171 123 210 168 235 183 248 194 0 222 218 225 244 261 253 218
 178 203 157 228 202 249 217 263 211 222 0 253 259 264 295 287 252
 178 154 147 230 136 233 151 255 197 218 253 0 206 247 228 225 204
 165 130 156 225 150 253 158 237 176 225 259 206 0 228 230 211 196
 145 161 178 227 195 288 204 200 140 244 264 247 228 0 273 247 231
 213 174 190 270 151 260 137 283 220 261 295 228 230 273 0 220 238
 191 150 183 254 159 271 157 257 192 253 287 225 211 247 220 0 222
 164 141 149 220 152 249 164 239 181 218 252 204 196 231 238 222 0

 0 227 232 207 256 182 271 106 222 131 149 142 139 113 183 159 227
 227 0 231 226 222 169 232 130 237 133 170 114 100 125 140 114 200
 232 231 0 211 228 138 246 148 263 92 131 114 133 149 163 154 215
 207 226 211 0 242 161 259 125 241 109 132 127 132 128 173 155 216
 256 222 228 242 0 141 203 166 275 133 172 99 123 162 120 126 214
 182 169 138 161 141 0 185 130 244 74 93 70 100 129 103 112 185
 271 232 246 259 203 185 0 177 285 150 189 116 133 173 108 126 228
 106 130 148 125 166 130 177 0 136 81 101 86 78 35 120 92 169
 222 237 263 241 275 244 285 136 0 161 183 162 151 109 191 161 245
 131 133 92 109 133 74 150 81 161 0 62 51 68 81 100 90 150
 149 170 131 132 172 93 189 101 183 62 0 90 106 105 138 128 188
 142 114 114 127 99 70 116 86 162 51 90 0 48 83 66 61 135
 139 100 133 132 123 100 133 78 151 68 106 48 0 70 74 53 133
 113 125 149 128 162 129 173 35 109 81 105 83 70 0 113 85 164
 183 140 163 173 120 103 108 120 191 100 138 66 74 113 0 60 173
 159 114 154 155 126 112 126 92 161 90 128 61 53 85 60 0 156
 227 200 215 216 214 185 228 169 245 150 188 135 133 164 173 156 0

 0 106 102 98 92 90 104 84 94 98 96 100 86 106 108 88 80
 110 0 108 104 98 96 110 90 100 104 102 106 92 112 114 94 86
 98 100 0 92 86 84 98 78 88 92 90 94 80 100 102 82 74
 86 88 84 0 74 72 86 66 76 80 78 82 68 88 90 70 62
 68 70 66 62 0 54 68 48 58 62 60 64 50 70 72 52 44
 62 64 60 56 50 0 62 42 52 56 54 58 44 64 66 46 38
 104 106 102 98 92 90 0 84 94 98 96 100 86 106 108 88 80
 44 46 42 38 32 30 44 0 34 38 36 40 26 46 48 28 20
 74 76 72 68 62 60 74 54 0 68 66 70 56 76 78 58 50
 86 88 84 80 74 72 86 66 76 0 78 82 68 88 90 70 62
 80 82 78 74 68 66 80 60 70 74 0 76 62 82 84 64 56
 92 94 90 86 80 78 92 72 82 86 84 0 74 94 96 76 68
 50 52 48 44 38 36 50 30 40 44 42 46 0 52 54 34 26
 110 112 108 104 98 96 110 90 100 104 102 106 92 0 114 94 86
 116 118 114 110 104 102 116 96 106 110 108 112 98 118 0 100 92
 56 58 54 50 44 42 56 36 46 50 48 52 38 58 60 0 32
 32 34 30 26 20 18 32 12 22 26 24 28 14 34 36 16 0

 0 34 20 30 38 24 28 40 22 28 22 22 30 14 22 30 36
 70 0 74 84 92 78 82 94 76 82 76 76 84 68 76 84 90
 28 46 0 42 50 36 40 52 34 40 34 34 42 26 34 42 48
 58 76 62 0 80 66 70 82 64 70 64 64 72 56 64 72 78
 82 100 86 96 0 90 94 106 88 94 88 88 96 80 88 96 102
 40 58 44 54 62 0 52 64 46 52 46 46 54 38 46 54 60
 52 70 56 66 74 60 0 76 58 64 58 58 66 50 58 66 72
 88 106 92 102 110 96 100 0 94 100 94 94 102 86 94 102 108
 34 52 38 48 56 42 46 58 0 46 40 40 48 32 40 48 54
 52 70 56 66 74 60 64 76 58 0 58 58 66 50 58 66 72
 34 52 38 48 56 42 46 58 40 46 0 40 48 32 40 48 54
 34 52 38 48 56 42 46 58 40 46 40 0 48 32 40 48 54
 58 76 62 72 80 66 70 82 64 70 64 64 0 56 64 72 78
 10 28 14 24 32 18 22 34 16 22 16 16 24 0 16 24 30
 34 52 38 48 56 42 46 58 40 46 40 40 48 32 0 48 54
 58 76 62 72 80 66 70 82 64 70 64 64 72 56 64 0 78
 76 94 80 90 98 84 88 100 82 88 82 82 90 74 82 90 0

 0 88 82 96 90 80 92 90 70 90 94 86 88 88 94 96 68
 88 0 82 96 90 80 92 90 70 90 94 86 88 88 94 96 68
 70 70 0 78 72 62 74 72 52 72 76 68 70 70 76 78 50
 112 112 106 0 114 104 116 114 94 114 118 110 112 112 118 120 92
 94 94 88 102 0 86 98 96 76 96 100 92 94 94 100 102 74
 64 64 58 72 66 0 68 66 46 66 70 62 64 64 70 72 44
 100 100 94 108 102 92 0 102 82 102 106 98 100 100 106 108 80
 94 94 88 102 96 86 98 0 76 96 100 92 94 94 100 102 74
 34 34 28 42 36 26 38 36 0 36 40 32 34 34 40 42 14
 94 94 88 102 96 86 98 96 76 0 100 92 94 94 100 102 74
 106 106 100 114 108 98 110 108 88 108 0 104 106 106 112 114 86
 82 82 76 90 84 74 86 84 64 84 88 0 82 82 88 90 62
 88 88 82 96 90 80 92 90 70 90 94 86 0 88 94 96 68
 88 88 82 96 90 80 92 90 70 90 94 86 88 0 94 96 68
 106 106 100 114 108 98 110 108 88 108 112 104 106 106 0 114 86
 112 112 106 120 114 104 116 114 94 114 118 110 112 112 118 0 92
 28 28 22 36 30 20 32 30 10 30 34 26 28 28 34 36 0

 0 32 40 22 28 26 32 30 14 34 22 28 34 36 22 22 26
 64 0 88 70 76 74 80 78 62 82 70 76 82 84 70 70 74
 88 104 0 94 100 98 104 102 86 106 94 100 106 108 94 94 98
 34 50 58 0 46 44 50 48 32 52 40 46 52 54 40 40 44
 52 68 76 58 0 62 68 66 50 70 58 64 70 72 58 58 62
 46 62 70 52 58 0 62 60 44 64 52 58 64 66 52 52 56
 64 80 88 70 76 74 0 78 62 82 70 76 82 84 70 70 74
 58 74 82 64 70 68 74 0 56 76 64 70 76 78 64 64 68
 10 26 34 16 22 20 26 24 0 28 16 22 28 30 16 16 20
 70 86 94 76 82 80 86 84 68 0 76 82 88 90 76 76 80
 34 50 58 40 46 44 50 48 32 52 0 46 52 54 40 40 44
 52 68 76 58 64 62 68 66 50 70 58 0 70 72 58 58 62
 70 86 94 76 82 80 86 84 68 88 76 82 0 90 76 76 80
 76 92 100 82 88 86 92 90 74 94 82 88 94 0 82 82 86
 34 50 58 40 46 44 50 48 32 52 40 46 52 54 0 40 44
 34 50 58 40 46 44 50 48 32 52 40 46 52 54 40 0 44
 46 62 70 52 58 56 62 60 44 64 52 58 64 66 52 52 0

 0 102 86 82 88 84 82 76 100 100 100 86 96 76 88 84 94
 114 0 104 100 106 102 100 94 118 118 118 104 114 94 106 102 112
 66 72 0 52 58 54 52 46 70 70 70 56 66 46 58 54 64
 54 60 44 0 46 42 40 34 58 58 58 44 54 34 46 42 52
 72 78 62 58 0 60 58 52 76 76 76 62 72 52 64 60 70
 60 66 50 46 52 0 46 40 64 64 64 50 60 40 52 48 58
 54 60 44 40 46 42 0 34 58 58 58 44 54 34 46 42 52
 36 42 26 22 28 24 22 0 40 40 40 26 36 16 28 24 34
 108 114 98 94 100 96 94 88 0 112 112 98 108 88 100 96 106
 108 114 98 94 100 96 94 88 112 0 112 98 108 88 100 96 106
 108 114 98 94 100 96 94 88 112 112 0 98 108 88 100 96 106
 66 72 56 52 58 54 52 46 70 70 70 0 66 46 58 54 64
 96 102 86 82 88 84 82 76 100 100 100 86 0 76 88 84 94
 36 42 26 22 28 24 22 16 40 40 40 26 36 0 28 24 34
 72 78 62 58 64 60 58 52 76 76 76 62 72 52 0 60 70
 60 66 50 46 52 48 46 40 64 64 64 50 60 40 52 0 58
 90 96 80 76 82 78 76 70 94 94 94 80 90 70 82 78 0