15 4

 0 257 133 116 132 243 210 109 231 250 119 99 127 115 200
 257 0 141 181 123 231 273 159 217 238 138 159 150 171 247
 133 141 0 80 78 135 169 56 156 200 55 74 36 90 166
 116 181 80 0 90 191 128 51 186 207 74 54 70 61 158
 132 123 78 90 0 179 186 78 149 140 59 65 81 71 155
 243 231 135 191 179 0 249 135 222 267 128 151 116 167 241
 210 273 169 128 186 249 0 111 247 270 135 117 128 127 221
 109 159 56 51 78 135 111 0 165 196 53 51 47 66 147
 231 217 156 186 149 222 247 165 0 236 111 133 127 147 222
 250 238 200 207 140 267 270 196 236 0 147 147 169 149 240
 119 138 55 74 59 128 135 53 111 147 0 55 53 70 144
 99 159 74 54 65 151 117 51 133 147 55 0 68 42 133
 127 150 36 70 81 116 128 47 127 169 53 68 0 84 160
 115 171 90 61 71 167 127 66 147 149 70 42 84 0 147
 200 247 166 158 155 241 221 147 222 240 144 133 160 147 0

 0 187 168 145 165 178 144 44 163 186 51 33 155 45 133
 187 0 240 274 220 230 271 158 213 238 134 157 242 165 244
 168 240 0 242 244 203 236 124 221 269 120 141 197 153 232
 145 274 242 0 253 256 192 116 248 273 136 118 228 121 221
 165 220 244 253 0 246 252 145 213 208 123 131 241 133 220
 178 230 203 256 246 0 250 137 221 270 127 152 211 164 241
 144 271 236 192 252 250 0 112 245 272 133 117 222 123 220
 44 158 124 116 145 137 112 0 164 199 52 52 142 63 147
 163 213 221 248 213 221 245 164 0 237 108 132 220 142 220
 186 238 269 273 208 270 272 199 237 0 147 149 265 147 241
 51 134 120 136 123 127 133 52 108 147 0 54 146 65 142
 33 157 141 118 131 152 117 52 132 149 54 0 162 38 132
 155 242 197 228 241 211 222 142 220 265 146 162 0 143 222
 45 165 153 121 133 164 123 63 142 147 65 38 143 0 143
 133 244 232 221 220 241 220 147 220 241 142 132 222 143 0

 0 185 164 46 163 77 47 43 158 87 145 34 60 48 29
 185 0 238 177 220 131 176 159 210 141 230 160 149 170 142
 164 238 0 144 243 103 140 124 217 171 215 143 103 157 129
 46 177 144 0 188 92 32 52 180 111 167 56 70 61 54
 163 220 243 188 0 147 157 146 210 111 219 134 148 138 118
 77 131 103 92 147 0 89 72 152 107 157 89 52 103 73
 47 176 140 32 157 89 0 50 179 112 166 57 66 65 55
 43 159 124 52 146 72 50 0 161 102 148 55 49 68 45
 158 210 217 180 210 152 179 161 0 138 202 133 125 145 116
 87 141 171 111 111 107 112 102 138 0 178 87 107 87 74
 145 230 215 167 219 157 166 148 202 178 0 121 117 134 104
 34 160 143 56 134 89 57 55 133 87 121 0 71 45 32
 60 149 103 70 148 52 66 49 125 107 117 71 0 86 58
 48 170 157 61 138 103 65 68 145 87 134 45 86 0 44
 29 142 129 54 118 73 55 45 116 74 104 32 58 44 0

 0 153 133 114 139 244 208 203 127 152 214 193 222 206 104
 153 0 74 112 63 165 204 186 46 73 166 186 178 195 84
 133 74 0 80 87 138 169 152 54 104 152 170 133 183 72
 114 112 80 0 98 193 127 146 83 110 170 149 166 153 63
 139 63 87 98 0 186 190 178 51 48 160 165 182 168 65
 244 165 138 193 186 0 250 232 121 172 226 248 214 261 148
 208 204 169 127 190 250 0 206 144 173 231 212 224 219 126
 203 186 152 146 178 232 206 0 125 162 212 209 206 221 115
 127 46 54 83 51 121 144 125 0 71 139 160 155 171 59
 152 73 104 110 48 172 173 162 71 0 179 178 201 177 81
 214 166 152 170 160 226 231 212 139 179 0 214 213 226 113
 193 186 170 149 165 248 212 209 160 178 214 0 228 198 102
 222 178 133 166 182 214 224 206 155 201 213 228 0 240 129
 206 195 183 153 168 261 219 221 171 177 226 198 240 0 113
 104 84 72 63 65 148 126 115 59 81 113 102 129 113 0

 0 32 26 38 48 54 50 38 44 34 40 28 36 40 50
 32 0 26 38 48 54 50 38 44 34 40 28 36 40 50
 14 14 0 20 30 36 32 20 26 16 22 10 18 22 32
 50 50 44 0 66 72 68 56 62 52 58 46 54 58 68
 80 80 74 86 0 102 98 86 92 82 88 76 84 88 98
 98 98 92 104 114 0 116 104 110 100 106 94 102 106 116
 86 86 80 92 102 108 0 92 98 88 94 82 90 94 104
 50 50 44 56 66 72 68 0 62 52 58 46 54 58 68
 68 68 62 74 84 90 86 74 0 70 76 64 72 76 86
 38 38 32 44 54 60 56 44 50 0 46 34 42 46 56
 56 56 50 62 72 78 74 62 68 58 0 52 60 64 74
 20 20 14 26 36 42 38 26 32 22 28 0 24 28 38
 44 44 38 50 60 66 62 50 56 46 52 40 0 52 62
 56 56 50 62 72 78 74 62 68 58 64 52 60 0 74
 86 86 80 92 102 108 104 92 98 88 94 82 90 94 0

 0 14 34 36 32 26 26 36 20 32 32 12 22 26 32
 26 0 52 54 50 44 44 54 38 50 50 30 40 44 50
 86 92 0 114 110 104 104 114 98 110 110 90 100 104 110
 92 98 118 0 116 110 110 120 104 116 116 96 106 110 116
 80 86 106 108 0 98 98 108 92 104 104 84 94 98 104
 62 68 88 90 86 0 80 90 74 86 86 66 76 80 86
 62 68 88 90 86 80 0 90 74 86 86 66 76 80 86
 92 98 118 120 116 110 110 0 104 116 116 96 106 110 116
 44 50 70 72 68 62 62 72 0 68 68 48 58 62 68
 80 86 106 108 104 98 98 108 92 0 104 84 94 98 104
 80 86 106 108 104 98 98 108 92 104 0 84 94 98 104
 20 26 46 48 44 38 38 48 32 44 44 0 34 38 44
 50 56 76 78 74 68 68 78 62 74 74 54 0 68 74
 62 68 88 90 86 80 80 90 74 86 86 66 76 0 86
 80 86 106 108 104 98 98 108 92 104 104 84 94 98 0

 0 14 30 36 14 18 28 28 28 8 14 14 18 26 14
 26 0 48 54 32 36 46 46 46 26 32 32 36 44 32
 74 80 0 102 80 84 94 94 94 74 80 80 84 92 80
 92 98 114 0 98 102 112 112 112 92 98 98 102 110 98
 26 32 48 54 0 36 46 46 46 26 32 32 36 44 32
 38 44 60 66 44 0 58 58 58 38 44 44 48 56 44
 68 74 90 96 74 78 0 88 88 68 74 74 78 86 74
 68 74 90 96 74 78 88 0 88 68 74 74 78 86 74
 68 74 90 96 74 78 88 88 0 68 74 74 78 86 74
 8 14 30 36 14 18 28 28 28 0 14 14 18 26 14
 26 32 48 54 32 36 46 46 46 26 0 32 36 44 32
 26 32 48 54 32 36 46 46 46 26 32 0 36 44 32
 38 44 60 66 44 48 58 58 58 38 44 44 0 56 44
 62 68 84 90 68 72 82 82 82 62 68 68 72 0 68
 26 32 48 54 32 36 46 46 46 26 32 32 36 44 0

 0 96 68 96 94 92 96 74 84 72 84 92 96 82 80
 112 0 92 120 118 116 120 98 108 96 108 116 120 106 104
 28 36 0 36 34 32 36 14 24 12 24 32 36 22 20
 112 120 92 0 118 116 120 98 108 96 108 116 120 106 104
 106 114 86 114 0 110 114 92 102 90 102 110 114 100 98
 100 108 80 108 106 0 108 86 96 84 96 104 108 94 92
 112 120 92 120 118 116 0 98 108 96 108 116 120 106 104
 46 54 26 54 52 50 54 0 42 30 42 50 54 40 38
 76 84 56 84 82 80 84 62 0 60 72 80 84 70 68
 40 48 20 48 46 44 48 26 36 0 36 44 48 34 32
 76 84 56 84 82 80 84 62 72 60 0 80 84 70 68
 100 108 80 108 106 104 108 86 96 84 96 0 108 94 92
 112 120 92 120 118 116 120 98 108 96 108 116 0 106 104
 70 78 50 78 76 74 78 56 66 54 66 74 78 0 62
 64 72 44 72 70 68 72 50 60 48 60 68 72 58 0