52 4

 0 42 25 68 17 39 308 28 53 38 62 72 72 46 517 20 45 92 611 79 101 85 25 98 27 23 46 37 32 28 51 18 37 22 69 70 23 258 19 24 43 65 29 27 61 23 217 421 41 150 64 51
 42 0 22 59 13 31 304 23 49 30 58 70 70 43 517 15 37 86 607 76 94 78 21 89 18 19 46 32 31 23 50 14 29 18 67 69 15 256 12 22 40 64 22 20 57 19 215 418 32 147 61 43
 25 22 0 53 6 25 296 18 41 23 49 64 64 36 508 10 32 77 598 69 88 71 14 84 14 13 37 25 23 16 42 10 23 13 60 62 8 249 6 14 31 56 14 14 50 11 206 412 27 140 52 37
 68 59 53 0 19 37 309 33 54 39 63 81 76 48 520 25 46 93 617 82 103 90 30 97 32 25 52 44 34 28 55 22 37 32 78 73 24 265 24 28 43 72 31 30 61 24 223 427 40 159 69 51
 17 13 6 19 0 21 293 14 36 20 45 59 59 32 504 5 27 74 594 65 84 68 9 80 9 9 33 21 18 12 38 5 20 9 56 57 5 245 2 11 27 51 11 9 45 6 203 408 23 137 48 33
 39 31 25 37 21 0 302 20 43 29 52 67 66 39 513 12 36 81 603 72 93 74 16 87 18 18 41 29 27 21 45 14 27 17 62 64 13 252 9 18 35 58 18 16 52 13 210 417 31 146 57 40
 308 304 296 309 293 302 0 111 133 155 181 194 185 148 601 111 144 180 701 162 201 165 106 215 135 135 150 157 115 119 173 111 155 126 153 183 102 380 118 117 163 158 137 126 142 113 309 525 158 243 155 150
 28 23 18 33 14 20 111 0 40 24 49 63 63 37 509 10 31 78 599 69 88 72 14 85 14 14 39 26 22 17 42 10 24 15 60 62 9 249 7 16 31 56 16 14 50 12 208 412 27 142 52 37
 53 49 41 54 36 43 133 40 0 36 61 74 75 45 516 21 39 87 610 80 98 81 24 93 23 21 46 36 31 26 51 16 36 25 72 70 17 261 14 23 43 66 24 22 60 18 214 424 38 153 64 45
 38 30 23 39 20 29 155 24 36 0 52 66 65 40 511 11 35 81 601 71 93 74 17 86 18 17 41 30 27 18 45 13 26 17 64 65 12 251 8 18 35 58 17 18 52 14 210 416 29 143 55 42
 62 58 49 63 45 52 181 49 61 52 0 73 73 50 523 21 45 90 614 82 104 88 28 100 25 27 51 36 37 32 58 22 37 29 70 77 19 261 19 28 43 69 27 25 63 24 217 428 43 154 66 53
 72 70 64 81 59 67 194 63 74 66 73 0 78 58 523 27 46 93 621 85 105 88 36 106 32 32 52 48 37 39 62 31 46 36 82 84 24 267 21 33 52 70 30 36 68 29 229 435 42 157 67 56
 72 70 64 76 59 66 185 63 75 65 73 78 0 51 525 31 54 93 617 91 107 88 28 102 34 36 54 44 45 37 60 29 40 28 76 84 25 265 24 33 54 72 33 30 64 33 223 435 43 159 73 56
 46 43 36 48 32 39 148 37 45 40 50 58 51 0 518 16 41 84 608 79 97 78 21 91 23 21 45 35 32 22 50 16 34 21 70 69 18 257 16 25 41 63 22 22 59 19 217 420 33 147 60 43
 517 517 508 520 504 513 601 509 516 511 523 523 525 518 0 239 262 308 778 299 252 302 227 314 210 177 217 222 253 196 205 172 254 177 240 258 239 446 186 245 228 286 228 193 213 174 404 609 240 304 232 201
 20 15 10 25 5 12 111 10 21 11 21 27 31 16 239 0 28 75 595 66 85 69 11 81 10 10 35 22 19 13 39 6 21 10 57 58 6 246 3 12 29 52 12 10 47 8 204 409 24 138 50 34
 45 37 32 46 27 36 144 31 39 35 45 46 54 41 262 28 0 84 604 77 93 76 21 90 21 19 43 30 27 22 47 16 32 18 66 66 13 255 11 20 38 60 19 20 54 17 212 418 32 145 57 45
 92 86 77 93 74 81 180 78 87 81 90 93 93 84 308 75 84 0 625 91 115 101 33 111 33 33 59 45 49 46 62 31 53 33 89 91 29 271 28 42 53 85 37 35 74 35 234 439 47 163 79 67
 611 607 598 617 594 603 701 599 610 601 614 621 617 608 778 595 604 625 0 302 341 265 286 336 246 246 250 258 275 289 255 242 237 207 332 274 202 442 239 228 264 288 267 226 322 204 440 645 299 393 265 270
 79 76 69 82 65 72 162 69 80 71 82 85 91 79 299 66 77 91 302 0 109 97 36 107 34 34 60 48 48 33 59 32 45 30 81 87 26 268 29 40 54 76 38 36 66 33 230 429 46 162 69 54
 101 94 88 103 84 93 201 88 98 93 104 105 107 97 252 85 93 115 341 109 0 101 39 110 39 37 61 57 48 42 73 43 55 42 86 85 40 275 40 38 55 81 41 48 78 36 241 438 58 167 81 63
 85 78 71 90 68 74 165 72 81 74 88 88 88 78 302 69 76 101 265 97 101 0 33 106 38 33 60 52 47 34 66 31 48 33 78 88 33 273 32 35 51 80 37 40 74 28 225 437 45 165 70 55
 25 21 14 30 9 16 106 14 24 17 28 36 28 21 227 11 21 33 286 36 39 33 0 83 12 12 37 24 21 16 41 8 23 12 58 60 8 248 4 13 30 54 14 12 48 10 205 411 25 139 51 36
 98 89 84 97 80 87 215 85 93 86 100 106 102 91 314 81 90 111 336 107 110 106 83 0 35 43 64 58 55 49 74 31 56 46 82 88 38 271 35 42 64 80 42 38 82 35 231 445 49 173 85 62
 27 18 14 32 9 18 135 14 23 18 25 32 34 23 210 10 21 33 246 34 39 38 12 35 0 13 36 24 21 15 41 8 22 12 59 60 7 248 5 14 30 54 13 13 48 9 205 411 26 140 51 36
 23 19 13 25 9 18 135 14 21 17 27 32 36 21 177 10 19 33 246 34 37 33 12 43 13 0 36 24 21 15 40 8 23 12 59 60 8 247 4 14 30 54 14 13 49 9 206 411 26 140 52 36
 46 46 37 52 33 41 150 39 46 41 51 52 54 45 217 35 43 59 250 60 61 60 37 64 36 36 0 34 32 24 52 15 31 20 66 72 17 255 15 22 41 63 22 24 56 17 217 419 34 149 61 48
 37 32 25 44 21 29 157 26 36 30 36 48 44 35 222 22 30 45 258 48 57 52 24 58 24 24 34 0 27 20 45 13 28 18 65 64 12 251 9 18 36 60 17 16 53 15 209 416 30 144 57 40
 32 31 23 34 18 27 115 22 31 27 37 37 45 32 253 19 27 49 275 48 48 47 21 55 21 21 32 27 0 19 45 12 26 16 62 65 12 252 7 17 34 57 18 16 52 13 208 416 29 143 55 39
 28 23 16 28 12 21 119 17 26 18 32 39 37 22 196 13 22 46 289 33 42 34 16 49 15 15 24 20 19 0 42 9 25 13 60 62 10 250 7 15 31 55 15 14 50 11 206 412 26 142 52 37
 51 50 42 55 38 45 173 42 51 45 58 62 60 50 205 39 47 62 255 59 73 66 41 74 41 40 52 45 45 42 0 18 33 22 68 70 17 260 15 26 44 67 24 26 60 21 219 424 38 151 60 46
 18 14 10 22 5 14 111 10 16 13 22 31 29 16 172 6 16 31 242 32 43 31 8 31 8 8 15 13 12 9 18 0 21 10 57 59 6 246 3 12 28 52 12 11 46 8 204 409 24 138 49 34
 37 29 23 37 20 27 155 24 36 26 37 46 40 34 254 21 32 53 237 45 55 48 23 56 22 23 31 28 26 25 33 21 0 15 62 64 12 251 9 17 36 58 18 16 51 14 211 417 30 145 54 40
 22 18 13 32 9 17 126 15 25 17 29 36 28 21 177 10 18 33 207 30 42 33 12 46 12 12 20 18 16 13 22 10 15 0 59 60 7 248 5 13 30 54 14 12 48 9 205 411 25 139 51 37
 69 67 60 78 56 62 153 60 72 64 70 82 76 70 240 57 66 89 332 81 86 78 58 82 59 59 66 65 62 60 68 57 62 59 0 82 23 268 23 32 52 73 32 31 63 26 221 433 41 158 66 58
 70 69 62 73 57 64 183 62 70 65 77 84 84 69 258 58 66 91 274 87 85 88 60 88 60 60 72 64 65 62 70 59 64 60 82 0 23 267 22 33 46 77 37 29 71 26 221 434 45 157 68 55
 23 15 8 24 5 13 102 9 17 12 19 24 25 18 239 6 13 29 202 26 40 33 8 38 7 8 17 12 12 10 17 6 12 7 23 23 0 246 3 12 29 52 12 10 46 7 204 410 24 138 50 34
 258 256 249 265 245 252 380 249 261 251 261 267 265 257 446 246 255 271 442 268 275 273 248 271 248 247 255 251 252 250 260 246 251 248 268 267 246 0 99 108 124 156 92 106 134 111 308 497 112 250 137 130
 19 12 6 24 2 9 118 7 14 8 19 21 24 16 186 3 11 28 239 29 40 32 4 35 5 4 15 9 7 7 15 3 9 5 23 22 3 99 0 11 27 51 11 9 45 6 203 408 23 137 48 33
 24 22 14 28 11 18 117 16 23 18 28 33 33 25 245 12 20 42 228 40 38 35 13 42 14 14 22 18 17 15 26 12 17 13 32 33 12 108 11 0 31 54 14 13 49 10 206 412 27 140 51 37
 43 40 31 43 27 35 163 31 43 35 43 52 54 41 228 29 38 53 264 54 55 51 30 64 30 30 41 36 34 31 44 28 36 30 52 46 29 124 27 31 0 60 21 20 57 15 215 419 31 146 57 45
 65 64 56 72 51 58 158 56 66 58 69 70 72 63 286 52 60 85 288 76 81 80 54 80 54 54 63 60 57 55 67 52 58 54 73 77 52 156 51 54 60 0 30 29 67 24 226 431 42 156 68 50
 29 22 14 31 11 18 137 16 24 17 27 30 33 22 228 12 19 37 267 38 41 37 14 42 13 14 22 17 18 15 24 12 18 14 32 37 12 92 11 14 21 30 0 12 49 9 206 412 26 140 51 37
 27 20 14 30 9 16 126 14 22 18 25 36 30 22 193 10 20 35 226 36 48 40 12 38 13 13 24 16 16 14 26 11 16 12 31 29 10 106 9 13 20 29 12 0 49 10 206 411 26 140 51 36
 61 57 50 61 45 52 142 50 60 52 63 68 64 59 213 47 54 74 322 66 78 74 48 82 48 49 56 53 52 50 60 46 51 48 63 71 46 134 45 49 57 67 49 49 0 22 217 424 37 154 68 48
 23 19 11 24 6 13 113 12 18 14 24 29 33 19 174 8 17 35 204 33 36 28 10 35 9 9 17 15 13 11 21 8 14 9 26 26 7 111 6 10 15 24 9 10 22 0 204 410 25 139 50 35
 217 215 206 223 203 210 309 208 214 210 217 229 223 217 404 204 212 234 440 230 241 225 205 231 205 206 217 209 208 206 219 204 211 205 221 221 204 308 203 206 215 226 206 206 217 204 0 502 96 210 129 107
 421 418 412 427 408 417 525 412 424 416 428 435 435 420 609 409 418 439 645 429 438 437 411 445 411 411 419 416 416 412 424 409 417 411 433 434 410 497 408 412 419 431 412 411 424 410 502 0 158 286 184 209
 41 32 27 40 23 31 158 27 38 29 43 42 43 33 240 24 32 47 299 46 58 45 25 49 26 26 34 30 29 26 38 24 30 25 41 45 24 112 23 27 31 42 26 26 37 25 96 158 0 144 58 43
 150 147 140 159 137 146 243 142 153 143 154 157 159 147 304 138 145 163 393 162 167 165 139 173 140 140 149 144 143 142 151 138 145 139 158 157 138 250 137 140 146 156 140 140 154 139 210 286 144 0 93 78
 64 61 52 69 48 57 155 52 64 55 66 67 73 60 232 50 57 79 265 69 81 70 51 85 51 52 61 57 55 52 60 49 54 51 66 68 50 137 48 51 57 68 51 51 68 50 129 184 58 93 0 53
 51 43 37 51 33 40 150 37 45 42 53 56 56 43 201 34 45 67 270 54 63 55 36 62 36 36 48 40 39 37 46 34 40 37 58 55 34 130 33 37 45 50 37 36 48 35 107 209 43 78 53 0

 0 79 39 46 20 63 210 75 40 37 71 144 49 27 34 55 46 49 768 15 383 50 60 20 29 40 55 44 79 53 31 372 68 14 62 58 45 78 64 290 298 46 40 14 51 63 27 17 27 63 27 264
 79 0 59 58 38 75 231 86 56 59 87 156 65 48 49 72 58 69 779 33 401 65 71 35 43 56 77 66 95 74 48 385 80 29 80 74 65 95 74 310 312 63 53 32 63 77 42 30 38 74 45 283
 39 59 0 42 20 63 210 72 41 38 69 146 47 29 35 54 42 48 765 11 384 52 57 20 29 37 54 45 77 51 30 369 65 10 63 56 42 75 61 293 294 45 41 17 50 64 24 18 26 62 22 265
 46 58 42 0 20 64 213 76 40 42 75 147 52 27 37 56 48 50 770 12 387 53 62 22 31 42 56 45 77 54 33 372 68 16 64 57 47 77 62 292 296 48 44 19 51 63 26 20 24 60 28 265
 20 38 20 20 0 56 203 65 32 30 63 137 41 19 28 48 36 40 759 4 377 44 52 10 22 30 48 37 69 45 24 363 58 4 55 48 36 69 54 284 288 39 34 7 43 55 19 10 16 52 17 257
 63 75 63 64 56 0 220 82 52 44 79 154 60 35 46 69 54 55 777 20 392 61 69 26 40 48 69 58 87 66 40 379 74 19 72 62 55 83 75 301 302 57 51 22 61 70 37 26 36 70 32 277
 210 231 210 213 203 220 0 134 95 93 146 200 130 102 117 131 119 117 822 87 466 126 134 74 111 100 131 120 139 108 94 439 122 81 130 124 126 139 130 373 358 129 123 90 126 119 81 74 93 135 93 320
 75 86 72 76 65 82 134 0 49 55 82 154 60 43 50 73 55 66 784 22 396 65 72 36 40 47 65 57 88 70 41 380 80 30 79 73 61 94 79 305 309 60 52 25 67 75 37 32 40 78 40 274
 40 56 41 40 32 52 95 49 0 39 73 144 50 27 35 56 42 47 767 11 385 50 60 17 30 36 58 46 78 53 30 370 67 13 62 57 44 77 62 292 294 46 43 17 53 62 27 17 26 60 26 263
 37 59 38 42 30 44 93 55 39 0 69 144 48 27 33 57 45 46 765 12 383 52 60 16 30 36 55 45 76 52 30 369 64 10 60 56 43 75 62 292 296 45 41 14 53 62 25 17 24 58 26 264
 71 87 69 75 63 79 146 82 73 69 0 157 63 42 44 67 58 57 783 25 393 64 70 27 45 52 65 62 91 69 41 382 81 21 76 67 57 91 76 302 309 63 54 30 68 78 39 33 33 77 41 279
 144 156 146 147 137 154 200 154 144 144 157 0 82 65 77 93 81 90 818 54 426 89 96 56 80 75 93 92 119 90 83 404 104 63 113 89 95 119 95 338 342 93 92 49 89 101 68 65 75 107 71 302
 49 65 47 52 41 60 130 60 50 48 63 82 0 33 40 58 48 51 771 14 389 56 60 20 30 40 57 48 83 59 38 372 71 18 64 61 48 79 68 293 297 53 46 20 57 68 27 21 27 62 28 268
 27 48 29 27 19 35 102 43 27 27 42 65 33 0 31 52 40 43 763 7 379 46 54 14 25 32 52 42 73 49 27 366 61 7 56 51 40 71 58 286 291 42 36 10 48 60 21 15 21 56 21 260
 34 49 35 37 28 46 117 50 35 33 44 77 40 31 0 53 44 47 766 11 383 50 58 15 26 37 54 43 74 50 32 368 63 10 59 53 41 75 62 291 293 47 40 13 49 61 25 18 23 58 23 263
 55 72 54 56 48 69 131 73 56 57 67 93 58 52 53 0 49 58 776 16 392 58 64 25 34 46 64 55 86 62 39 378 72 19 67 63 52 86 71 295 303 56 49 22 59 71 34 22 34 64 28 270
 46 58 42 48 36 54 119 55 42 45 58 81 48 40 44 49 0 50 768 12 388 53 63 18 31 38 60 46 78 53 35 375 67 15 63 60 44 77 63 292 297 47 42 15 52 63 29 20 24 61 26 265
 49 69 48 50 40 55 117 66 47 46 57 90 51 43 47 58 50 0 773 16 387 57 63 20 35 40 58 51 81 54 37 375 70 18 64 57 46 83 67 297 300 51 42 19 55 69 31 23 29 64 30 267
 768 779 765 770 759 777 822 784 767 765 783 818 771 763 766 776 768 773 0 354 726 292 400 335 320 354 372 362 393 394 298 637 408 329 328 322 360 418 403 532 587 388 332 256 292 329 367 360 341 351 290 581
 15 33 11 12 4 20 87 22 11 12 25 54 14 7 11 16 12 16 354 0 374 41 48 8 18 27 45 35 66 42 21 360 56 2 51 45 33 66 51 281 285 36 30 5 41 53 15 8 14 50 14 254
 383 401 384 387 377 392 466 396 385 383 393 426 389 379 383 392 388 387 726 374 0 189 172 144 179 151 206 159 202 166 170 521 229 150 175 206 157 227 200 429 459 172 179 166 214 214 139 144 162 198 187 402
 50 65 52 53 44 61 126 65 50 52 64 89 56 46 50 58 53 57 292 41 189 0 66 22 34 43 59 49 80 55 34 373 69 15 65 58 49 80 65 298 302 53 48 18 59 71 31 26 32 68 32 272
 60 71 57 62 52 69 134 72 60 60 70 96 60 54 58 64 63 63 400 48 172 66 0 25 34 43 67 55 88 58 41 379 74 19 70 65 53 82 70 299 302 55 50 26 59 70 37 29 34 71 31 274
 20 35 20 22 10 26 74 36 17 16 27 56 20 14 15 25 18 20 335 8 144 22 25 0 20 30 48 37 68 44 23 363 58 4 53 48 35 68 54 283 288 38 33 7 43 55 18 10 16 52 16 256
 29 43 29 31 22 40 111 40 30 30 45 80 30 25 26 34 31 35 320 18 179 34 34 20 0 33 52 40 72 49 27 367 63 8 57 52 39 72 59 288 291 42 36 12 48 58 22 15 21 56 20 260
 40 56 37 42 30 48 100 47 36 36 52 75 40 32 37 46 38 40 354 27 151 43 43 30 33 0 55 47 75 54 30 371 67 14 62 56 43 78 60 292 295 47 39 15 52 63 24 20 26 58 25 266
 55 77 54 56 48 69 131 65 58 55 65 93 57 52 54 64 60 58 372 45 206 59 67 48 52 55 0 51 84 60 39 376 74 19 67 65 51 81 69 299 300 51 48 25 59 71 35 28 31 67 28 272
 44 66 45 45 37 58 120 57 46 45 62 92 48 42 43 55 46 51 362 35 159 49 55 37 40 47 51 0 80 55 32 372 67 13 65 57 47 77 62 293 298 50 43 17 53 67 28 23 27 65 25 269
 79 95 77 77 69 87 139 88 78 76 91 119 83 73 74 86 78 81 393 66 202 80 88 68 72 75 84 80 0 70 51 390 79 30 73 67 63 90 73 302 313 58 60 30 64 81 37 33 37 71 37 284
 53 74 51 54 45 66 108 70 53 52 69 90 59 49 50 62 53 54 394 42 166 55 58 44 49 54 60 55 70 0 40 375 70 18 70 64 52 81 69 300 299 51 44 22 54 66 34 25 27 67 33 267
 31 48 30 33 24 40 94 41 30 30 41 83 38 27 32 39 35 37 298 21 170 34 41 23 27 30 39 32 51 40 0 369 65 9 58 53 42 75 60 290 292 45 38 14 48 61 24 15 20 56 23 261
 372 385 369 372 363 379 439 380 370 369 382 404 372 366 368 378 375 375 637 360 521 373 379 363 367 371 376 372 390 375 369 0 211 133 171 212 153 210 218 424 452 156 197 124 184 184 135 139 181 181 145 397
 68 80 65 68 58 74 122 80 67 64 81 104 71 61 63 72 67 70 408 56 229 69 74 58 63 67 74 67 79 70 65 211 0 21 71 63 58 86 76 306 305 56 52 23 66 78 39 27 32 69 37 273
 14 29 10 16 4 19 81 30 13 10 21 63 18 7 10 19 15 18 329 2 150 15 19 4 8 14 19 13 30 18 9 133 21 0 51 45 33 66 51 281 285 36 30 5 41 53 15 8 14 50 14 254
 62 80 63 64 55 72 130 79 62 60 76 113 64 56 59 67 63 64 328 51 175 65 70 53 57 62 67 65 73 70 58 171 71 51 0 63 51 89 69 300 308 59 50 24 60 71 35 29 37 69 30 275
 58 74 56 57 48 62 124 73 57 56 67 89 61 51 53 63 60 57 322 45 206 58 65 48 52 56 65 57 67 64 53 212 63 45 63 0 52 82 67 297 305 54 45 21 58 71 31 26 28 64 31 272
 45 65 42 47 36 55 126 61 44 43 57 95 48 40 41 52 44 46 360 33 157 49 53 35 39 43 51 47 63 52 42 153 58 33 51 52 0 80 65 294 300 48 44 15 55 66 28 22 26 64 27 266
 78 95 75 77 69 83 139 94 77 75 91 119 79 71 75 86 77 83 418 66 227 80 82 68 72 78 81 77 90 81 75 210 86 66 89 82 80 0 77 306 313 62 54 28 62 83 45 31 44 73 42 277
 64 74 61 62 54 75 130 79 62 62 76 95 68 58 62 71 63 67 403 51 200 65 70 54 59 60 69 62 73 69 60 218 76 51 69 67 65 77 0 302 302 54 52 21 59 71 38 26 33 69 35 272
 290 310 293 292 284 301 373 305 292 292 302 338 293 286 291 295 292 297 532 281 429 298 299 283 288 292 299 293 302 300 290 424 306 281 300 297 294 306 302 0 406 148 132 126 162 146 136 101 135 161 135 384
 298 312 294 296 288 302 358 309 294 296 309 342 297 291 293 303 297 300 587 285 459 302 302 288 291 295 300 298 313 299 292 452 305 285 308 305 300 313 302 406 0 159 153 99 135 185 110 121 127 154 108 358
 46 63 45 48 39 57 129 60 46 45 63 93 53 42 47 56 47 51 388 36 172 53 55 38 42 47 51 50 58 51 45 156 56 36 59 54 48 62 54 148 159 0 43 18 54 65 31 21 25 66 26 270
 40 53 41 44 34 51 123 52 43 41 54 92 46 36 40 49 42 42 332 30 179 48 50 33 36 39 48 43 60 44 38 197 52 30 50 45 44 54 52 132 153 43 0 16 52 62 26 17 26 61 23 266
 14 32 17 19 7 22 90 25 17 14 30 49 20 10 13 22 15 19 256 5 166 18 26 7 12 15 25 17 30 22 14 124 23 5 24 21 15 28 21 126 99 18 16 0 42 54 16 9 15 51 15 255
 51 63 50 51 43 61 126 67 53 53 68 89 57 48 49 59 52 55 292 41 214 59 59 43 48 52 59 53 64 54 48 184 66 41 60 58 55 62 59 162 135 54 52 42 0 71 31 22 29 64 27 269
 63 77 64 63 55 70 119 75 62 62 78 101 68 60 61 71 63 69 329 53 214 71 70 55 58 63 71 67 81 66 61 184 78 53 71 71 66 83 71 146 185 65 62 54 71 0 37 25 37 72 34 272
 27 42 24 26 19 37 81 37 27 25 39 68 27 21 25 34 29 31 367 15 139 31 37 18 22 24 35 28 37 34 24 135 39 15 35 31 28 45 38 136 110 31 26 16 31 37 0 14 20 54 18 258
 17 30 18 20 10 26 74 32 17 17 33 65 21 15 18 22 20 23 360 8 144 26 29 10 15 20 28 23 33 25 15 139 27 8 29 26 22 31 26 101 121 21 17 9 22 25 14 0 16 52 16 256
 27 38 26 24 16 36 93 40 26 24 33 75 27 21 23 34 24 29 341 14 162 32 34 16 21 26 31 27 37 27 20 181 32 14 37 28 26 44 33 135 127 25 26 15 29 37 20 16 0 54 18 258
 63 74 62 60 52 70 135 78 60 58 77 107 62 56 58 64 61 64 351 50 198 68 71 52 56 58 67 65 71 67 56 181 69 50 69 64 64 73 69 161 154 66 61 51 64 72 54 52 54 0 30 274
 27 45 22 28 17 32 93 40 26 26 41 71 28 21 23 28 26 30 290 14 187 32 31 16 20 25 28 25 37 33 23 145 37 14 30 31 27 42 35 135 108 26 23 15 27 34 18 16 18 30 0 259
 264 283 265 265 257 277 320 274 263 264 279 302 268 260 263 270 265 267 581 254 402 272 274 256 260 266 272 269 284 267 261 397 273 254 275 272 266 277 272 384 358 270 266 255 269 272 258 256 258 274 259 0

 0 57 46 65 43 22 29 47 25 21 55 490 25 4288 9 10 79 12 252 57 29 50 23 18 42 689 17 81 30 69 37 26 49 20 51 23 66 25 52 260 38 64 28 59 7 403 72 18 24 45 49 33
 57 0 61 79 55 37 43 63 38 35 73 505 43 4301 22 23 92 26 265 75 43 62 42 31 57 706 33 94 49 87 49 38 62 37 66 35 82 42 72 276 52 76 40 71 20 421 90 34 42 63 66 51
 46 61 0 75 52 31 39 56 35 33 63 502 37 4298 21 24 94 22 264 72 39 63 37 30 50 698 27 94 42 78 45 37 60 29 61 37 74 35 63 271 49 76 39 68 16 413 87 27 36 60 64 42
 65 79 75 0 59 36 51 67 41 42 77 504 41 4308 27 26 99 33 269 78 49 65 42 39 56 708 39 95 49 86 51 45 70 39 70 45 85 48 70 279 55 82 48 76 25 424 89 41 43 66 69 52
 43 55 52 59 0 33 37 55 36 29 65 500 36 4300 18 21 87 23 260 69 41 58 31 24 51 697 28 88 41 77 47 34 61 27 57 35 72 33 65 268 49 71 39 66 14 414 82 26 34 54 58 43
 22 37 31 36 33 0 31 48 27 22 56 490 26 4291 9 12 81 13 254 59 30 50 25 17 43 691 19 82 31 72 38 26 52 20 51 23 67 28 55 261 39 64 29 60 7 405 73 19 24 46 52 34
 29 43 39 51 37 31 0 52 30 26 58 494 32 4293 14 15 86 17 257 62 33 53 27 23 46 692 21 86 33 73 41 31 54 23 53 26 69 29 59 264 41 69 32 64 11 409 78 23 26 51 53 35
 47 63 56 67 55 48 52 0 36 33 69 499 37 4303 22 25 90 27 264 69 38 61 34 28 50 702 28 93 42 79 46 39 60 31 63 36 79 37 67 269 51 78 36 68 16 417 85 31 34 54 59 41
 25 38 35 41 36 27 30 36 0 23 57 492 29 4292 12 14 84 16 254 62 31 53 25 21 45 691 21 84 32 71 38 28 54 24 52 27 67 29 56 264 42 66 29 61 10 407 74 22 25 48 54 35
 21 35 33 42 29 22 26 33 23 0 56 491 28 4289 9 11 82 13 253 58 30 50 24 18 43 691 17 82 31 71 38 27 50 22 52 24 67 28 55 260 39 66 28 60 9 405 74 19 23 46 51 34
 55 73 63 77 65 56 58 69 57 56 0 501 37 4303 24 24 91 30 264 69 43 68 39 35 52 705 28 98 46 87 48 44 66 36 61 39 76 40 66 273 49 79 40 73 24 415 90 33 41 63 66 46
 490 505 502 504 500 490 494 499 492 491 501 0 198 4461 164 167 252 185 425 262 233 206 244 221 262 893 189 268 251 258 225 230 271 241 238 244 253 182 241 416 259 252 232 231 227 592 245 207 179 202 222 236
 25 43 37 41 36 26 32 37 29 28 37 198 0 4293 12 15 83 14 257 60 31 53 27 21 43 692 20 82 34 72 39 28 52 24 53 27 67 30 55 262 40 66 30 62 9 406 75 22 27 48 53 34
 4288 4301 4298 4308 4300 4291 4293 4303 4292 4289 4303 4461 4293 0 2002 1862 1931 1863 2246 2051 1452 1473 1874 1725 1606 2683 1868 1503 1739 1635 1459 1734 1473 1728 1758 1588 1773 2020 1618 2111 2032 1772 2021 1910 1572 2255 1923 2012 1731 1896 2044 2026
 9 22 21 27 18 9 14 22 12 9 24 164 12 2002 0 7 76 8 248 53 25 46 19 13 37 685 13 76 26 65 32 22 46 16 46 19 61 22 49 256 34 59 23 55 2 400 68 14 19 41 46 28
 10 23 24 26 21 12 15 25 14 11 24 167 15 1862 7 0 77 9 249 55 26 47 20 14 38 686 14 77 27 66 34 23 47 17 47 20 62 23 50 257 35 60 24 56 4 401 69 16 20 42 47 29
 79 92 94 99 87 81 86 90 84 82 91 252 83 1931 76 77 0 35 272 84 58 77 52 42 70 709 39 102 57 96 63 48 77 45 77 45 90 55 78 287 65 88 52 79 26 429 92 48 48 70 70 57
 12 26 22 33 23 13 17 27 16 13 30 185 14 1863 8 9 35 0 250 55 27 48 21 15 39 686 14 78 28 67 34 24 47 18 48 21 63 24 50 258 35 61 25 56 4 402 70 16 21 43 48 29
 252 265 264 269 260 254 257 264 254 253 264 425 257 2246 248 249 272 250 0 143 114 144 117 119 151 799 127 182 108 147 122 136 152 97 135 117 167 128 130 345 115 173 105 161 84 489 174 112 133 147 144 142
 57 75 72 78 69 59 62 69 62 58 69 262 60 2051 53 55 84 55 143 0 45 66 42 36 60 701 33 92 46 88 49 40 64 34 62 37 77 40 67 276 54 82 40 71 24 420 85 31 40 58 62 49
 29 43 39 49 41 30 33 38 31 30 43 233 31 1452 25 26 58 27 114 45 0 53 29 22 47 692 23 83 33 73 41 30 53 26 55 26 68 32 56 265 42 68 33 62 12 408 77 23 27 48 56 35
 50 62 63 65 58 50 53 61 53 50 68 206 53 1473 46 47 77 48 144 66 53 0 34 28 56 702 32 94 43 79 48 40 64 30 63 38 79 40 66 273 48 73 37 70 18 419 88 28 37 55 65 45
 23 42 37 42 31 25 27 34 25 24 39 244 27 1874 19 20 52 21 117 42 29 34 0 18 42 690 20 81 33 71 38 28 51 22 52 24 66 29 54 263 39 65 30 61 7 405 74 21 24 48 52 33
 18 31 30 39 24 17 23 28 21 18 35 221 21 1725 13 14 42 15 119 36 22 28 18 0 40 688 16 79 31 68 36 25 49 20 49 22 65 25 53 259 37 62 27 58 5 403 72 18 22 46 50 32
 42 57 50 56 51 43 46 50 45 43 52 262 43 1606 37 38 70 39 151 60 47 56 42 40 0 698 26 88 42 81 45 36 58 27 58 33 72 34 61 268 48 70 34 69 14 414 83 30 34 56 58 41
 689 706 698 708 697 691 692 702 691 691 705 893 692 2683 685 686 709 686 799 701 692 702 690 688 698 0 262 348 253 338 282 249 273 288 295 337 288 294 344 551 306 377 296 373 297 672 295 264 268 291 364 323
 17 33 27 39 28 19 21 28 21 17 28 189 20 1868 13 14 39 14 127 33 23 32 20 16 26 262 0 79 29 69 35 25 49 20 49 22 65 25 52 259 37 63 26 58 6 404 73 17 23 45 50 31
 81 94 94 95 88 82 86 93 84 82 98 268 82 1503 76 77 102 78 182 92 83 94 81 79 88 348 79 0 50 99 59 48 77 49 75 52 92 55 75 282 65 90 47 81 36 426 92 43 43 65 75 57
 30 49 42 49 41 31 33 42 32 31 46 251 34 1739 26 27 57 28 108 46 33 43 33 31 42 253 29 50 0 73 40 31 53 24 53 26 68 32 59 266 43 68 33 64 13 409 77 23 28 52 55 37
 69 87 78 86 77 72 73 79 71 71 87 258 72 1635 65 66 96 67 147 88 73 79 71 68 81 338 69 99 73 0 53 44 68 38 75 48 90 46 75 278 58 86 46 84 23 429 97 35 39 66 66 54
 37 49 45 51 47 38 41 46 38 38 48 225 39 1459 32 34 63 34 122 49 41 48 38 36 45 282 35 59 40 53 0 31 56 26 59 31 71 32 61 266 47 73 37 65 14 413 80 24 30 53 56 37
 26 38 37 45 34 26 31 39 28 27 44 230 28 1734 22 23 48 24 136 40 30 40 28 25 36 249 25 48 31 44 31 0 54 24 54 25 68 29 57 264 40 68 30 63 10 406 77 20 27 47 52 36
 49 62 60 70 61 52 54 60 54 50 66 271 52 1473 46 47 77 47 152 64 53 64 51 49 58 273 49 77 53 68 56 54 0 30 64 38 75 40 64 274 48 76 43 74 16 417 84 34 33 59 61 47
 20 37 29 39 27 20 23 31 24 22 36 241 24 1728 16 17 45 18 97 34 26 30 22 20 27 288 20 49 24 38 26 24 30 0 50 24 66 27 54 261 38 64 27 59 7 405 72 20 24 46 50 32
 51 66 61 70 57 51 53 63 52 52 61 238 53 1758 46 47 77 48 135 62 55 63 52 49 58 295 49 75 53 75 59 54 64 50 0 33 78 36 63 274 49 79 41 69 20 417 88 28 37 55 61 47
 23 35 37 45 35 23 26 36 27 24 39 244 27 1588 19 20 45 21 117 37 26 38 24 22 33 337 22 52 26 48 31 25 38 24 33 0 66 29 56 263 41 65 30 60 8 405 73 20 24 48 53 34
 66 82 74 85 72 67 69 79 67 67 76 253 67 1773 61 62 90 63 167 77 68 79 66 65 72 288 65 92 68 90 71 68 75 66 78 66 0 45 68 282 57 80 50 76 25 423 95 39 40 62 72 52
 25 42 35 48 33 28 29 37 29 28 40 182 30 2020 22 23 55 24 128 40 32 40 29 25 34 294 25 55 32 46 32 29 40 27 36 29 45 0 57 263 42 67 30 63 8 408 76 22 25 48 52 34
 52 72 63 70 65 55 59 67 56 55 66 241 55 1618 49 50 78 50 130 67 56 66 54 53 61 344 52 75 59 75 61 57 64 54 63 56 68 57 0 274 52 77 41 70 23 419 86 34 37 59 62 44
 260 276 271 279 268 261 264 269 264 260 273 416 262 2111 256 257 287 258 345 276 265 273 263 259 268 551 259 282 266 278 266 264 274 261 274 263 282 263 274 0 126 160 124 164 95 501 161 98 128 150 163 112
 38 52 49 55 49 39 41 51 42 39 49 259 40 2032 34 35 65 35 115 54 42 48 39 37 48 306 37 65 43 58 47 40 48 38 49 41 57 42 52 126 0 72 35 68 16 411 78 28 29 54 56 39
 64 76 76 82 71 64 69 78 66 66 79 252 66 1772 59 60 88 61 173 82 68 73 65 62 70 377 63 90 68 86 73 68 76 64 79 65 80 67 77 160 72 0 49 79 26 420 94 33 43 61 70 50
 28 40 39 48 39 29 32 36 29 28 40 232 30 2021 23 24 52 25 105 40 33 37 30 27 34 296 26 47 33 46 37 30 43 27 41 30 50 30 41 124 35 49 0 63 9 406 76 21 25 50 55 36
 59 71 68 76 66 60 64 68 61 60 73 231 62 1910 55 56 79 56 161 71 62 70 61 58 69 373 58 81 64 84 65 63 74 59 69 60 76 63 70 164 68 79 63 0 26 422 87 35 36 62 70 45
 7 20 16 25 14 7 11 16 10 9 24 227 9 1572 2 4 26 4 84 24 12 18 7 5 14 297 6 36 13 23 14 10 16 7 20 8 25 8 23 95 16 26 9 26 0 399 68 14 18 41 45 27
 403 421 413 424 414 405 409 417 407 405 415 592 406 2255 400 401 429 402 489 420 408 419 405 403 414 672 404 426 409 429 413 406 417 405 417 405 423 408 419 501 411 420 406 422 399 0 253 146 164 200 231 199
 72 90 87 89 82 73 78 85 74 74 90 245 75 1923 68 69 92 70 174 85 77 88 74 72 83 295 73 92 77 97 80 77 84 72 88 73 95 76 86 161 78 94 76 87 68 253 0 42 45 71 69 58
 18 34 27 41 26 19 23 31 22 19 33 207 22 2012 14 16 48 16 112 31 23 28 21 18 30 264 17 43 23 35 24 20 34 20 28 20 39 22 34 98 28 33 21 35 14 146 42 0 24 45 49 31
 24 42 36 43 34 24 26 34 25 23 41 179 27 1731 19 20 48 21 133 40 27 37 24 22 34 268 23 43 28 39 30 27 33 24 37 24 40 25 37 128 29 43 25 36 18 164 45 24 0 48 52 33
 45 63 60 66 54 46 51 54 48 46 63 202 48 1896 41 42 70 43 147 58 48 55 48 46 56 291 45 65 52 66 53 47 59 46 55 48 62 48 59 150 54 61 50 62 41 200 71 45 48 0 58 44
 49 66 64 69 58 52 53 59 54 51 66 222 53 2044 46 47 70 48 144 62 56 65 52 50 58 364 50 75 55 66 56 52 61 50 61 53 72 52 62 163 56 70 55 70 45 231 69 49 52 58 0 42
 33 51 42 52 43 34 35 41 35 34 46 236 34 2026 28 29 57 29 142 49 35 45 33 32 41 323 31 57 37 54 37 36 47 32 47 34 52 34 44 112 39 50 36 45 27 199 58 31 33 44 42 0

 0 21 45 45 39 12 588 189 2 9 78 23 9 20 39 42 29 8 45 290 39 6 18 27 24 144 6 200 51 23 9 21 12 338 9 29 54 5 33 2 12 38 36 113 42 15 312 2 15 30 59 26
 21 0 54 53 46 21 595 196 11 18 87 32 16 28 48 50 37 16 54 299 48 13 26 34 31 153 15 206 60 32 18 30 21 345 16 36 61 12 40 9 19 46 45 121 49 24 321 9 22 39 66 33
 45 54 0 64 59 28 603 208 20 29 97 37 27 34 58 58 46 26 64 304 58 21 37 43 42 163 21 216 67 40 24 39 31 356 25 47 74 25 49 22 30 54 55 131 57 30 328 18 31 48 73 46
 45 53 64 0 59 30 603 208 20 24 94 41 27 40 54 60 43 22 65 306 55 22 36 45 40 159 22 218 67 37 29 36 30 354 28 49 69 25 52 20 28 58 52 127 61 30 330 22 34 48 77 42
 39 46 59 59 0 28 603 202 17 27 91 35 22 37 55 55 44 24 63 302 55 20 32 42 42 160 24 212 66 39 23 34 28 354 22 42 70 22 51 14 27 54 54 129 56 30 330 19 31 46 75 43
 12 21 28 30 28 0 592 193 6 13 82 28 14 23 44 47 33 13 50 293 43 11 22 32 28 149 10 204 55 28 13 25 16 342 13 32 59 10 38 6 16 41 41 117 46 19 317 7 19 34 62 29
 588 595 603 603 603 592 0 385 256 283 293 257 263 274 313 277 283 242 319 524 313 241 272 281 298 379 280 415 247 277 205 236 208 611 244 283 289 200 229 275 208 272 290 386 296 269 566 275 289 245 274 221
 189 196 208 208 202 193 385 0 64 84 166 98 84 95 120 117 116 89 126 358 120 94 93 108 93 225 94 287 126 104 78 102 75 406 90 116 142 86 121 89 87 119 111 181 123 84 375 83 78 99 127 107
 2 11 20 20 17 6 256 64 0 9 78 23 9 20 39 42 29 8 45 290 39 6 18 27 24 144 6 200 51 23 9 21 12 338 9 29 54 5 33 2 12 38 36 113 42 15 312 2 15 30 59 26
 9 18 29 24 27 13 283 84 9 0 82 26 12 23 42 45 31 11 48 292 42 9 21 31 27 147 10 202 54 26 12 24 16 340 12 32 57 8 37 5 16 40 39 116 45 18 315 5 18 33 62 29
 78 87 97 94 91 82 293 166 78 82 0 53 42 48 65 78 57 41 78 315 75 34 49 55 52 170 34 235 87 48 40 57 48 368 37 57 82 40 69 30 45 66 64 138 68 46 340 32 43 56 89 61
 23 32 37 41 35 28 257 98 23 26 53 0 19 27 47 51 36 16 52 299 49 16 27 35 32 154 14 209 58 31 18 31 20 347 19 37 61 14 42 11 21 47 44 122 50 23 320 9 23 38 68 33
 9 16 27 27 22 14 263 84 9 12 42 19 0 23 42 46 32 10 48 292 42 9 21 31 28 147 9 203 55 25 12 24 15 341 12 32 57 8 36 4 15 40 39 115 46 19 316 4 18 33 61 28
 20 28 34 40 37 23 274 95 20 23 48 27 23 0 47 49 36 14 51 296 47 14 25 34 32 152 13 207 58 29 17 28 19 346 16 35 60 12 40 8 19 46 45 120 51 22 321 8 24 39 65 32
 39 48 58 54 55 44 313 120 39 42 65 47 42 47 0 57 45 21 59 303 57 21 32 41 39 162 19 213 67 38 23 39 28 354 24 41 72 20 51 18 26 53 54 128 58 30 328 17 33 46 72 41
 42 50 58 60 55 47 277 117 42 45 78 51 46 49 57 0 42 21 63 306 53 22 32 46 43 162 22 219 66 36 28 37 26 355 25 43 73 19 47 18 26 52 52 129 57 29 330 19 34 49 78 43
 29 37 46 43 44 33 283 116 29 31 57 36 32 36 45 42 0 17 58 302 51 15 27 39 34 156 15 212 64 33 22 34 24 350 19 40 65 17 45 12 24 47 46 124 51 26 322 12 24 41 68 37
 8 16 26 22 24 13 242 89 8 11 41 16 10 14 21 21 17 0 48 292 41 9 21 29 26 146 8 202 54 25 12 24 15 340 11 31 56 7 36 4 15 40 39 115 45 17 314 4 18 33 61 28
 45 54 64 65 63 50 319 126 45 48 78 52 48 51 59 63 58 48 0 307 57 22 36 46 42 162 25 214 67 39 28 41 30 354 28 43 70 19 49 20 32 54 51 129 57 30 328 22 34 45 77 40
 290 299 304 306 302 293 524 358 290 292 315 299 292 296 303 306 302 292 307 0 164 121 124 152 130 240 102 296 157 157 134 117 137 443 134 163 150 139 158 98 137 134 132 247 177 130 418 136 130 145 174 160
 39 48 58 55 55 43 313 120 39 42 75 49 42 47 57 53 51 41 57 164 0 22 33 45 39 158 19 212 66 38 24 39 26 355 24 42 70 18 46 15 30 51 49 126 56 28 328 17 31 48 71 42
 6 13 21 22 20 11 241 94 6 9 34 16 9 14 21 22 15 9 22 121 22 0 20 29 26 146 8 201 53 24 11 23 14 339 11 30 56 6 35 4 14 39 38 115 44 17 314 3 17 32 60 28
 18 26 37 36 32 22 272 93 18 21 49 27 21 25 32 32 27 21 36 124 33 20 0 34 30 150 12 205 58 30 15 28 20 344 16 35 61 11 40 8 19 45 42 120 48 21 318 9 21 36 65 32
 27 34 43 45 42 32 281 108 27 31 55 35 31 34 41 46 39 29 46 152 45 29 34 0 33 154 16 212 60 34 18 31 23 346 19 39 63 15 44 14 22 46 46 125 53 27 321 14 24 42 67 36
 24 31 42 40 42 28 298 93 24 27 52 32 28 32 39 43 34 26 42 130 39 26 30 33 0 152 17 210 59 32 17 29 20 345 20 36 64 14 41 12 22 48 44 120 50 23 320 9 24 38 67 36
 144 153 163 159 160 149 379 225 144 147 170 154 147 152 162 162 156 146 162 240 158 146 150 154 152 0 54 266 103 70 71 78 74 390 57 86 116 71 95 49 69 95 103 165 104 82 360 63 67 82 111 87
 6 15 21 22 24 10 280 94 6 10 34 14 9 13 19 22 15 8 25 102 19 8 12 16 17 54 0 201 53 24 11 23 14 340 11 31 56 6 35 3 14 39 38 115 44 17 314 3 17 32 60 27
 200 206 216 218 212 204 415 287 200 202 235 209 203 207 213 219 212 202 214 296 212 201 205 212 210 266 201 0 144 89 95 87 91 430 95 95 120 90 106 81 85 104 122 198 115 81 405 94 94 109 151 98
 51 60 67 67 66 55 247 126 51 54 87 58 55 58 67 66 64 54 67 157 66 53 58 60 59 103 53 144 0 46 27 44 35 359 26 48 72 21 55 25 35 54 53 129 59 33 335 25 37 53 75 44
 23 32 40 37 39 28 277 104 23 26 48 31 25 29 38 36 33 25 39 157 38 24 30 34 32 70 24 89 46 0 16 30 21 346 17 38 63 14 42 10 19 46 44 122 51 24 322 9 24 39 68 35
 9 18 24 29 23 13 205 78 9 12 40 18 12 17 23 28 22 12 28 134 24 11 15 18 17 71 11 95 27 16 0 24 16 340 12 32 57 7 36 4 15 41 39 116 45 18 315 4 18 33 62 29
 21 30 39 36 34 25 236 102 21 24 57 31 24 28 39 37 34 24 41 117 39 23 28 31 29 78 23 87 44 30 24 0 21 344 18 37 61 11 42 11 21 47 43 119 49 24 321 11 24 37 66 33
 12 21 31 30 28 16 208 75 12 16 48 20 15 19 28 26 24 15 30 137 26 14 20 23 20 74 14 91 35 21 16 21 0 342 14 33 59 9 37 6 17 41 40 118 47 20 317 5 19 34 62 29
 338 345 356 354 354 342 611 406 338 340 368 347 341 346 354 355 350 340 354 443 355 339 344 346 345 390 340 430 359 346 340 344 342 0 144 152 200 139 168 136 135 183 159 258 165 150 447 158 138 187 171 160
 9 16 25 28 22 13 244 90 9 12 37 19 12 16 24 25 19 11 28 134 24 11 16 19 20 57 11 95 26 17 12 18 14 144 0 32 57 8 36 4 16 40 39 116 46 18 315 5 18 33 62 28
 29 36 47 49 42 32 283 116 29 32 57 37 32 35 41 43 40 31 43 163 42 30 35 39 36 86 31 95 48 38 32 37 33 152 32 0 63 16 42 13 23 50 47 125 55 25 323 11 25 40 69 37
 54 61 74 69 70 59 289 142 54 57 82 61 57 60 72 73 65 56 70 150 70 56 61 63 64 116 56 120 72 63 57 61 59 200 57 63 0 29 56 23 30 59 59 137 67 34 333 26 34 48 80 47
 5 12 25 25 22 10 200 86 5 8 40 14 8 12 20 19 17 7 19 139 18 6 11 15 14 71 6 90 21 14 7 11 9 139 8 16 29 0 35 3 14 39 37 114 43 16 313 3 17 31 60 27
 33 40 49 52 51 38 229 121 33 37 69 42 36 40 51 47 45 36 49 158 46 35 40 44 41 95 35 106 55 42 36 42 37 168 36 42 56 35 0 16 24 51 49 125 57 30 327 14 26 41 71 39
 2 9 22 20 14 6 275 89 2 5 30 11 4 8 18 18 12 4 20 98 15 4 8 14 12 49 3 81 25 10 4 11 6 136 4 13 23 3 16 0 12 38 36 113 42 15 312 2 15 30 59 26
 12 19 30 28 27 16 208 87 12 16 45 21 15 19 26 26 24 15 32 137 30 14 19 22 22 69 14 85 35 19 15 21 17 135 16 23 30 14 24 12 0 42 40 117 46 19 316 6 19 35 63 30
 38 46 54 58 54 41 272 119 38 40 66 47 40 46 53 52 47 40 54 134 51 39 45 46 48 95 39 104 54 46 41 47 41 183 40 50 59 39 51 38 42 0 51 129 57 30 327 16 27 46 71 38
 36 45 55 52 54 41 290 111 36 39 64 44 39 45 54 52 46 39 51 132 49 38 42 46 44 103 38 122 53 44 39 43 40 159 39 47 59 37 49 36 40 51 0 124 56 28 327 15 30 42 75 42
 113 121 131 127 129 117 386 181 113 116 138 122 115 120 128 129 124 115 129 247 126 115 120 125 120 165 115 198 129 122 116 119 118 258 116 125 137 114 125 113 117 129 124 0 83 67 357 50 63 82 107 63
 42 49 57 61 56 46 296 123 42 45 68 50 46 51 58 57 51 45 57 177 56 44 48 53 50 104 44 115 59 51 45 49 47 165 46 55 67 43 57 42 46 57 56 83 0 30 328 16 30 45 78 39
 15 24 30 30 30 19 269 84 15 18 46 23 19 22 30 29 26 17 30 130 28 17 21 27 23 82 17 81 33 24 18 24 20 150 18 25 34 16 30 15 19 30 28 67 30 0 317 8 21 35 65 31
 312 321 328 330 330 317 566 375 312 315 340 320 316 321 328 330 322 314 328 418 328 314 318 321 320 360 314 405 335 322 315 321 317 447 315 323 333 313 327 312 316 327 327 357 328 317 0 136 150 134 183 150
 2 9 18 22 19 7 275 83 2 5 32 9 4 8 17 19 12 4 22 136 17 3 9 14 9 63 3 94 25 9 4 11 5 158 5 11 26 3 14 2 6 16 15 50 16 8 136 0 15 30 59 26
 15 22 31 34 31 19 289 78 15 18 43 23 18 24 33 34 24 18 34 130 31 17 21 24 24 67 17 94 37 24 18 24 19 138 18 25 34 17 26 15 19 27 30 63 30 21 150 15 0 36 64 31
 30 39 48 48 46 34 245 99 30 33 56 38 33 39 46 49 41 33 45 145 48 32 36 42 38 82 32 109 53 39 33 37 34 187 33 40 48 31 41 30 35 46 42 82 45 35 134 30 36 0 72 36
 59 66 73 77 75 62 274 127 59 62 89 68 61 65 72 78 68 61 77 174 71 60 65 67 67 111 60 151 75 68 62 66 62 171 62 69 80 60 71 59 63 71 75 107 78 65 183 59 64 72 0 46
 26 33 46 42 43 29 221 107 26 29 61 33 28 32 41 43 37 28 40 160 42 28 32 36 36 87 27 98 44 35 29 33 29 160 28 37 47 27 39 26 30 38 42 63 39 31 150 26 31 36 46 0

 0 40 30 48 74 35 52 31 32 37 64 54 28 25 32 48 64 43 61 64 50 38 46 47 72 57 34 60 70 32 52 68 72 50 68 50 66 54 36 51 42 68 41 50 34 52 23 45 42 59 49 27
 43 0 29 43 69 32 48 29 30 39 67 62 29 24 32 50 70 38 62 60 55 35 48 42 71 48 30 56 72 25 53 61 73 57 67 48 61 49 42 42 39 64 39 50 35 55 23 45 40 58 49 34
 39 36 0 43 62 28 43 27 23 30 58 55 22 21 29 41 63 38 60 59 46 29 42 40 63 51 25 57 63 22 48 62 65 47 65 43 60 51 35 39 40 65 36 45 31 47 24 44 38 55 44 28
 45 40 31 0 75 38 51 37 34 43 67 62 32 27 30 45 64 46 74 71 59 36 54 43 73 60 34 61 74 32 54 72 67 55 71 49 61 53 47 45 42 78 43 62 45 53 35 55 50 64 50 32
 54 47 42 62 0 41 71 36 37 42 68 74 39 46 42 55 78 65 76 82 63 52 54 63 91 59 49 65 84 51 56 71 81 73 85 53 84 66 49 60 50 83 55 66 57 66 50 62 65 67 70 38
 35 34 27 41 62 0 47 27 26 31 57 56 23 22 25 44 66 36 61 61 49 30 45 38 66 50 30 56 65 26 48 59 62 49 67 43 63 54 37 44 39 63 44 51 34 51 20 48 35 56 40 26
 45 50 39 49 71 38 0 29 27 40 65 61 35 32 29 50 72 50 69 72 60 44 57 40 67 57 31 59 71 31 52 62 67 53 65 56 70 60 40 45 49 73 49 60 41 53 30 49 48 56 51 30
 39 37 24 45 66 27 44 0 21 30 60 54 21 23 29 42 62 38 58 58 48 28 46 36 62 46 23 57 66 27 48 61 62 46 63 42 61 52 36 39 39 64 42 47 30 46 24 46 38 51 39 27
 36 32 26 42 64 29 43 28 0 33 57 52 21 24 26 40 61 37 61 56 47 30 44 37 64 44 21 52 63 21 43 56 65 48 60 41 58 46 32 40 40 63 36 45 30 45 19 43 36 50 43 23
 42 39 28 47 68 31 43 30 31 0 61 55 24 27 26 47 68 37 59 59 51 31 46 37 66 55 31 54 72 29 51 63 63 52 63 45 60 53 36 42 46 70 38 52 35 47 27 47 38 58 49 27
 56 45 41 54 85 40 65 47 33 52 0 71 43 41 51 52 73 61 79 69 60 43 69 48 82 60 47 72 78 41 55 74 81 58 70 51 77 71 58 56 58 85 51 67 40 70 43 57 51 61 59 49
 55 57 46 62 79 36 55 48 34 48 67 0 30 31 36 57 71 47 73 75 55 45 64 55 72 61 43 64 75 46 65 79 74 55 82 48 67 59 48 55 49 76 50 69 44 63 36 60 43 61 53 48
 37 32 26 43 61 27 39 24 23 29 57 50 0 23 26 43 61 38 61 61 45 27 42 37 59 47 26 52 65 25 43 61 64 45 62 43 55 46 31 40 38 63 36 45 30 45 22 42 37 53 43 26
 38 37 26 44 64 30 43 23 21 32 55 53 21 0 23 41 59 34 57 56 47 32 45 33 61 44 25 55 63 25 46 57 65 50 59 40 58 46 34 39 37 63 35 48 30 45 19 43 36 52 38 23
 39 33 29 44 61 27 45 26 25 34 60 51 25 24 0 42 63 39 60 58 49 30 42 34 61 45 26 52 63 25 45 58 63 47 64 43 60 48 33 40 39 62 38 47 33 49 20 41 36 55 39 28
 45 45 30 47 67 37 48 34 37 39 62 60 30 30 37 0 73 40 68 71 61 34 48 42 70 54 38 58 77 30 49 71 66 60 74 51 71 60 40 50 46 76 42 61 37 50 30 46 47 60 50 36
 47 49 42 67 83 54 62 53 48 53 82 66 36 32 39 66 0 46 68 79 67 55 62 58 89 70 42 65 85 37 60 68 88 61 75 62 80 58 46 64 52 85 47 68 43 67 31 57 63 69 59 44
 45 45 32 51 65 40 46 32 26 39 62 54 24 31 29 42 67 0 63 66 50 34 48 45 68 56 31 64 67 26 56 61 74 58 64 46 64 54 43 42 44 69 47 51 36 50 24 44 44 59 52 36
 50 57 45 51 87 49 65 46 42 42 66 77 35 37 48 55 81 50 0 85 66 53 56 52 72 61 38 73 75 45 68 71 84 72 81 60 78 69 44 67 62 84 50 71 44 57 35 68 45 68 51 35
 50 54 52 53 84 51 60 36 40 47 71 68 38 40 41 51 74 57 79 0 66 51 54 45 82 67 42 68 84 45 71 71 79 64 88 60 71 74 44 65 57 77 50 64 42 66 32 56 60 79 67 40
 54 42 37 59 80 45 54 38 37 50 66 67 34 33 38 51 77 46 67 74 0 43 52 53 80 53 39 62 72 34 55 77 71 57 68 56 67 66 51 47 53 69 48 62 47 55 26 59 46 65 49 38
 39 40 27 49 69 34 47 25 24 33 64 55 26 28 32 47 60 41 62 63 54 0 48 36 66 53 29 60 66 31 51 63 68 53 61 42 64 50 33 43 43 66 45 48 34 51 26 47 39 57 48 31
 46 43 31 48 67 41 48 32 31 45 65 67 29 28 40 55 75 50 72 70 51 35 0 48 75 59 39 69 76 40 61 69 69 53 74 53 62 63 39 48 52 74 44 57 42 63 32 58 40 65 57 40
 43 46 28 52 65 39 49 33 34 36 64 56 34 31 35 43 66 43 61 66 49 38 50 0 68 53 33 64 68 33 50 61 69 50 64 48 68 59 43 47 43 65 47 53 34 58 23 49 45 54 42 32
 62 50 36 52 75 53 56 37 40 54 81 79 47 36 41 56 77 59 72 81 75 53 64 60 0 66 39 68 84 41 66 70 82 72 82 56 76 58 59 60 64 73 66 62 51 62 35 57 59 63 54 37
 42 45 34 47 80 47 52 36 39 44 75 64 31 31 32 49 77 42 74 64 57 43 59 49 69 0 41 67 75 36 54 77 77 60 70 52 72 53 42 57 43 81 56 62 40 54 39 51 53 65 59 44
 34 37 25 42 64 30 43 27 24 34 56 50 26 23 27 40 58 35 57 57 45 28 47 37 62 48 0 55 67 26 46 60 63 48 63 39 60 48 31 38 40 65 38 49 30 47 20 41 38 56 43 27
 57 50 35 60 81 47 50 33 30 44 80 62 44 39 33 48 77 50 77 77 65 53 57 53 72 66 38 0 75 45 68 72 86 66 85 48 72 60 41 51 51 81 54 66 48 56 41 65 53 60 48 41
 47 65 44 57 84 45 70 48 35 52 79 65 34 53 48 67 75 47 79 73 69 43 68 47 78 65 35 75 0 39 75 70 85 65 90 57 76 70 48 53 62 93 52 63 46 75 49 57 55 73 55 44
 37 34 29 40 63 30 42 28 22 31 56 53 24 23 27 40 61 36 59 57 46 28 44 34 64 48 22 52 62 0 46 58 66 47 65 41 56 48 34 40 38 62 41 50 34 45 20 42 38 52 42 24
 52 52 40 51 80 46 51 34 31 41 71 60 38 37 38 45 69 44 64 68 62 39 58 52 69 64 40 62 70 29 0 67 71 53 66 55 68 61 41 55 52 76 45 60 44 60 32 56 44 61 55 40
 59 50 38 68 84 53 66 45 43 52 83 68 37 40 52 61 71 52 83 83 64 51 54 52 76 66 48 77 79 47 63 0 79 69 72 50 71 67 54 56 57 74 53 73 52 71 37 53 55 65 65 50
 59 56 43 69 92 50 60 45 33 44 69 74 48 50 38 57 80 56 69 84 70 53 60 54 79 61 42 79 75 44 68 84 0 77 78 62 71 77 56 64 50 81 61 68 53 59 37 71 48 82 62 43
