51 5

 0 51 46 46 42 58 16 57 40 9 40 519 31 55 88 33 45 43 46 72 22 11 73 276 66 54 206 58 355 36 60 65 63 12 52 21 37 13 49 42 29 62 54 87 67 8 47 33 24 18 343
 51 0 52 57 48 65 24 69 48 15 47 531 39 62 99 41 57 51 58 82 33 24 85 283 76 64 213 65 363 48 65 75 73 25 64 28 46 24 56 49 36 75 59 99 79 21 57 43 34 28 350
 46 52 0 51 50 64 25 63 45 17 46 527 35 60 94 43 51 49 55 81 30 20 78 283 72 60 215 64 360 45 63 73 69 22 62 29 45 23 55 50 38 68 62 94 73 17 53 38 28 28 349
 46 57 51 0 47 67 25 65 49 17 46 528 36 64 98 44 53 51 51 82 28 20 82 284 76 60 213 66 360 43 66 72 70 23 57 29 47 19 54 45 38 71 62 95 73 18 54 39 27 27 348
 42 48 50 47 0 63 23 61 49 13 47 524 35 61 95 40 53 50 53 82 27 18 79 280 71 59 212 67 361 41 64 72 70 17 58 25 44 18 54 45 38 69 58 94 72 17 53 38 29 28 350
 58 65 64 67 63 0 32 73 55 25 56 535 46 68 99 49 57 54 59 83 37 23 83 285 80 65 216 73 365 52 74 75 79 23 68 30 47 26 62 56 46 79 65 99 83 20 62 44 33 30 353
 16 24 25 25 23 32 0 52 37 4 36 514 26 51 84 30 41 40 42 70 18 8 69 271 63 48 202 54 349 33 55 62 58 9 48 16 33 10 45 36 26 59 48 82 64 5 44 29 18 16 340
 57 69 63 65 61 73 52 0 52 18 51 528 45 67 104 50 55 52 62 89 36 25 85 285 81 61 219 72 366 49 69 78 73 25 64 36 46 24 58 56 45 75 63 102 78 18 58 45 33 33 354
 40 48 45 49 49 55 37 52 0 14 44 522 35 60 96 41 51 50 51 78 28 16 79 279 75 58 211 65 357 42 66 71 67 20 58 25 41 19 53 45 36 70 57 94 75 15 55 40 27 24 351
 9 15 17 17 13 25 4 18 14 0 33 512 23 48 81 27 38 36 39 66 15 5 66 269 60 45 198 51 347 30 51 59 56 6 45 14 30 6 42 33 23 56 45 80 60 2 41 26 15 12 336
 40 47 46 46 47 56 36 51 44 33 0 524 36 63 94 39 51 47 54 78 30 19 77 283 74 59 212 64 360 41 66 71 67 19 59 25 44 20 55 45 36 70 59 94 72 12 55 39 29 26 349
 519 531 527 528 524 535 514 528 522 512 524 0 261 269 251 265 225 206 277 253 253 192 236 473 230 283 385 221 517 200 238 246 277 227 215 235 217 227 263 220 261 260 232 284 230 189 245 264 219 199 557
 31 39 35 36 35 46 26 45 35 23 36 261 0 56 90 36 45 45 46 73 24 12 75 278 68 54 206 58 354 40 61 66 63 13 52 23 39 16 49 42 32 63 54 88 67 9 48 34 23 21 346
 55 62 60 64 61 68 51 67 60 48 63 269 56 0 101 49 53 52 56 82 32 26 88 284 79 61 218 67 368 52 70 77 74 23 62 34 49 28 61 50 43 71 65 97 77 17 58 43 32 28 358
 88 99 94 98 95 99 84 104 96 81 94 251 90 101 0 56 69 73 74 95 52 42 98 306 89 77 230 88 381 57 88 90 93 35 82 48 57 38 69 65 57 93 80 117 89 36 70 63 44 41 373
 33 41 43 44 40 49 30 50 41 27 39 265 36 49 56 0 48 46 49 75 27 16 78 280 72 54 207 60 358 42 63 71 64 15 57 22 39 17 51 42 31 65 54 92 70 10 53 37 26 23 347
 45 57 51 53 53 57 41 55 51 38 51 225 45 53 69 48 0 53 52 79 28 21 79 284 73 58 211 68 361 43 68 73 72 18 60 26 43 23 55 48 35 68 61 94 77 14 55 40 30 28 351
 43 51 49 51 50 54 40 52 50 36 47 206 45 52 73 46 53 0 52 78 31 18 79 281 72 59 210 65 362 44 63 72 71 20 57 29 42 21 57 48 36 68 60 92 76 13 57 38 27 25 352
 46 58 55 51 53 59 42 62 51 39 54 277 46 56 74 49 52 52 0 79 28 17 79 284 75 60 212 66 362 48 66 74 71 21 59 31 44 24 55 46 35 68 59 93 74 15 53 39 30 28 352
 72 82 81 82 82 83 70 89 78 66 78 253 73 82 95 75 79 78 79 0 41 30 92 290 82 75 224 73 375 56 73 87 79 30 75 44 52 36 68 57 44 79 67 103 90 27 62 54 39 40 362
 22 33 30 28 27 37 18 36 28 15 30 253 24 32 52 27 28 31 28 41 0 11 72 275 66 50 203 57 352 35 57 63 61 12 51 19 36 11 48 38 28 61 51 85 66 7 46 31 20 18 342
 11 24 20 20 18 23 8 25 16 5 19 192 12 26 42 16 21 18 17 30 11 0 67 270 61 46 199 52 348 31 52 60 57 7 47 15 31 7 43 34 24 57 46 81 61 3 42 27 16 13 337
 73 85 78 82 79 83 69 85 79 66 77 236 75 88 98 78 79 79 79 92 72 67 0 297 88 75 228 77 370 56 75 84 84 36 69 37 54 30 72 57 46 81 69 110 90 32 69 56 39 36 362
 276 283 283 284 280 285 271 285 279 269 283 473 278 284 306 280 284 281 284 290 275 270 297 0 167 170 323 167 462 155 176 156 145 95 161 111 155 104 149 158 120 145 152 169 176 126 130 150 122 101 452
 66 76 72 76 71 80 63 81 75 60 74 230 68 79 89 72 73 72 75 82 66 61 88 167 0 70 220 75 368 57 73 84 81 28 69 33 54 33 67 58 48 79 72 107 84 23 62 49 35 39 363
 54 64 60 60 59 65 48 61 58 45 59 283 54 61 77 54 58 59 60 75 50 46 75 170 70 0 214 71 367 45 67 75 73 21 63 31 49 26 61 53 37 72 60 96 78 22 61 43 31 27 352
 206 213 215 213 212 216 202 219 211 198 212 385 206 218 230 207 211 210 212 224 203 199 228 323 220 214 0 136 419 122 130 137 121 98 117 79 109 85 114 125 95 141 137 165 132 93 113 91 81 78 408
 58 65 64 66 67 73 54 72 65 51 64 221 58 67 88 60 68 65 66 73 57 52 77 167 75 71 136 0 368 52 74 78 75 23 62 32 48 28 62 53 41 79 67 96 78 23 60 49 35 34 358
 355 363 360 360 361 365 349 366 357 347 360 517 354 368 381 358 361 362 362 375 352 348 370 462 368 367 419 368 0 180 212 220 194 133 183 152 157 156 192 171 172 205 172 241 187 128 202 175 176 173 474
 36 48 45 43 41 52 33 49 42 30 41 200 40 52 57 42 43 44 48 56 35 31 56 155 57 45 122 52 180 0 63 72 66 18 56 27 43 18 54 45 35 66 58 89 72 12 50 37 25 22 348
 60 65 63 66 64 74 55 69 66 51 66 238 61 70 88 63 68 63 66 73 57 52 75 176 73 67 130 74 212 63 0 80 77 29 65 32 52 24 65 50 41 75 63 99 82 25 64 44 38 35 354
 65 75 73 72 72 75 62 78 71 59 71 246 66 77 90 71 73 72 74 87 63 60 84 156 84 75 137 78 220 72 80 0 76 27 66 40 55 31 67 54 45 82 70 99 87 24 61 50 38 33 363
 63 73 69 70 70 79 58 73 67 56 67 277 63 74 93 64 72 71 71 79 61 57 84 145 81 73 121 75 194 66 77 76 0 31 70 32 55 31 66 57 46 79 63 99 82 20 62 49 33 37 358
 12 25 22 23 17 23 9 25 20 6 19 227 13 23 35 15 18 20 21 30 12 7 36 95 28 21 98 23 133 18 29 27 31 0 47 16 32 8 44 35 25 58 47 81 62 3 42 28 17 14 338
 52 64 62 57 58 68 48 64 58 45 59 215 52 62 82 57 60 57 59 75 51 47 69 161 69 63 117 62 183 56 65 66 70 47 0 34 48 21 57 53 37 74 60 98 79 22 58 44 31 32 356
 21 28 29 29 25 30 16 36 25 14 25 235 23 34 48 22 26 29 31 44 19 15 37 111 33 31 79 32 152 27 32 40 32 16 34 0 35 12 47 38 27 60 50 84 64 6 45 30 20 16 341
 37 46 45 47 44 47 33 46 41 30 44 217 39 49 57 39 43 42 44 52 36 31 54 155 54 49 109 48 157 43 52 55 55 32 48 35 0 16 53 44 36 66 56 91 72 12 52 35 27 23 348
 13 24 23 19 18 26 10 24 19 6 20 227 16 28 38 17 23 21 24 36 11 7 30 104 33 26 85 28 156 18 24 31 31 8 21 12 16 0 44 35 24 57 47 81 62 3 42 27 17 14 338
 49 56 55 54 54 62 45 58 53 42 55 263 49 61 69 51 55 57 55 68 48 43 72 149 67 61 114 62 192 54 65 67 66 44 57 47 53 44 0 52 40 69 61 93 78 19 55 43 31 30 350
 42 49 50 45 45 56 36 56 45 33 45 220 42 50 65 42 48 48 46 57 38 34 57 158 58 53 125 53 171 45 50 54 57 35 53 38 44 35 52 0 35 69 60 92 74 16 51 38 27 23 348
 29 36 38 38 38 46 26 45 36 23 36 261 32 43 57 31 35 36 35 44 28 24 46 120 48 37 95 41 172 35 41 45 46 25 37 27 36 24 40 35 0 65 54 87 69 9 48 35 24 22 345
 62 75 68 71 69 79 59 75 70 56 70 260 63 71 93 65 68 68 68 79 61 57 81 145 79 72 141 79 205 66 75 82 79 58 74 60 66 57 69 69 65 0 63 105 84 23 62 49 33 37 361
 54 59 62 62 58 65 48 63 57 45 59 232 54 65 80 54 61 60 59 67 51 46 69 152 72 60 137 67 172 58 63 70 63 47 60 50 56 47 61 60 54 63 0 96 76 18 59 46 30 27 355
 87 99 94 95 94 99 82 102 94 80 94 284 88 97 117 92 94 92 93 103 85 81 110 169 107 96 165 96 241 89 99 99 99 81 98 84 91 81 93 92 87 105 96 0 86 38 72 62 52 49 373
 67 79 73 73 72 83 64 78 75 60 72 230 67 77 89 70 77 76 74 90 66 61 90 176 84 78 132 78 187 72 82 87 82 62 79 64 72 62 78 74 69 84 76 86 0 25 66 47 40 32 360
 8 21 17 18 17 20 5 18 15 2 12 189 9 17 36 10 14 13 15 27 7 3 32 126 23 22 93 23 128 12 25 24 20 3 22 6 12 3 19 16 9 23 18 38 25 0 41 26 15 12 336
 47 57 53 54 53 62 44 58 55 41 55 245 48 58 70 53 55 57 53 62 46 42 69 130 62 61 113 60 202 50 64 61 62 42 58 45 52 42 55 51 48 62 59 72 66 41 0 43 28 28 352
 33 43 38 39 38 44 29 45 40 26 39 264 34 43 63 37 40 38 39 54 31 27 56 150 49 43 91 49 175 37 44 50 49 28 44 30 35 27 43 38 35 49 46 62 47 26 43 0 24 22 346
 24 34 28 27 29 33 18 33 27 15 29 219 23 32 44 26 30 27 30 39 20 16 39 122 35 31 81 35 176 25 38 38 33 17 31 20 27 17 31 27 24 33 30 52 40 15 28 24 0 18 341
 18 28 28 27 28 30 16 33 24 12 26 199 21 28 41 23 28 25 28 40 18 13 36 101 39 27 78 34 173 22 35 33 37 14 32 16 23 14 30 23 22 37 27 49 32 12 28 22 18 0 341
 343 350 349 348 350 353 340 354 351 336 349 557 346 358 373 347 351 352 352 362 342 337 362 452 363 352 408 358 474 348 354 363 358 338 356 341 348 338 350 348 345 361 355 373 360 336 352 346 341 341 0

 0 41 41 21 474 589 55 59 40 7 57 64 16 26 77 53 54 44 31 51 38 27 12 40 16 46 82 22 1876 50 12 54 45 16 64 61 24 33 50 21 598 47 42 84 54 30 27 38 85 28 15
 41 0 52 32 485 601 63 70 47 19 66 73 24 34 86 60 66 52 42 61 49 35 18 48 26 56 91 31 1884 60 20 65 52 25 74 69 35 40 57 28 605 58 54 91 65 38 33 47 94 36 26
 41 52 0 28 485 599 66 70 46 18 68 75 24 35 86 60 65 54 42 60 47 36 22 48 27 58 91 34 1888 61 22 66 57 28 71 69 36 45 59 29 608 57 54 93 65 39 33 46 97 38 24
 21 32 28 0 475 592 58 60 41 8 60 66 19 27 78 55 57 46 34 50 40 28 12 41 16 49 85 23 1878 50 12 55 47 18 64 63 25 35 51 20 599 49 45 85 55 33 28 39 88 31 16
 474 485 485 475 0 788 207 257 222 159 255 279 168 224 244 267 206 195 199 201 236 194 193 223 198 198 281 205 2044 217 178 206 228 184 215 213 238 247 264 202 749 229 194 250 221 228 240 205 284 196 182
 589 601 599 592 788 0 323 307 229 275 325 274 226 216 344 282 302 234 241 298 305 217 201 289 263 276 331 290 2086 317 278 302 255 207 311 329 234 262 259 210 845 237 252 273 322 278 293 286 353 238 263
 55 63 66 58 207 323 0 72 58 25 74 77 30 39 89 71 68 56 49 62 56 39 26 56 27 60 100 35 1894 68 28 73 57 35 78 75 36 50 65 37 616 59 57 101 66 47 38 55 101 41 27
 59 70 70 60 257 307 72 0 52 21 72 83 33 46 95 73 67 64 46 66 52 45 31 57 32 60 97 36 1893 66 24 74 63 37 83 75 39 50 68 34 610 61 57 96 67 43 39 58 106 43 33
 40 47 46 41 222 229 58 52 0 19 67 73 23 33 84 60 61 53 40 57 47 34 18 52 26 55 89 32 1888 61 20 61 53 23 73 73 31 43 61 27 608 58 49 94 64 38 34 45 94 40 25
 7 19 18 8 159 275 25 21 19 0 53 61 13 22 73 49 50 40 28 46 34 23 7 37 11 43 79 19 1873 46 7 50 41 13 59 58 20 29 46 16 593 43 38 79 50 26 22 34 82 25 11
 57 66 68 60 255 325 74 72 67 53 0 82 29 40 91 65 68 60 48 67 50 45 27 58 31 61 99 42 1896 69 30 67 64 29 79 79 38 47 62 32 616 59 56 95 70 48 45 52 100 48 33
 64 73 75 66 279 274 77 83 73 61 82 0 32 46 97 73 73 66 49 72 60 50 33 63 30 69 100 43 1892 67 28 75 62 39 82 84 43 54 67 37 612 69 65 103 71 49 43 53 106 51 32
 16 24 24 19 168 226 30 33 23 13 29 32 0 25 77 52 54 43 32 49 37 28 11 41 15 46 82 23 1876 49 10 55 44 16 63 62 25 33 49 20 597 46 41 83 53 29 25 37 86 28 14
 26 34 35 27 224 216 39 46 33 22 40 46 25 0 81 55 59 47 34 54 40 29 14 43 19 51 85 25 1879 54 13 56 48 19 66 64 26 37 52 24 602 49 44 86 58 33 30 40 90 32 17
 77 86 86 78 244 344 89 95 84 73 91 97 77 81 0 72 80 63 51 73 66 48 34 64 39 73 104 44 1898 71 34 80 66 43 87 83 50 62 69 46 626 68 71 102 80 51 49 61 112 48 36
 53 60 60 55 267 282 71 73 60 49 65 73 52 55 72 0 70 58 43 65 49 40 23 53 28 64 98 37 1888 64 25 65 62 31 76 77 37 46 61 31 608 59 58 97 68 46 40 52 100 44 32
 54 66 65 57 206 302 68 67 61 50 68 73 54 59 80 70 0 55 50 61 56 39 22 57 31 60 94 41 1890 66 24 67 61 31 79 76 36 46 61 38 609 60 55 96 69 46 40 54 104 47 30
 44 52 54 46 195 234 56 64 53 40 60 66 43 47 63 58 55 0 42 58 47 36 21 51 27 60 93 31 1886 63 19 66 53 25 72 75 36 46 60 31 609 58 53 91 65 38 37 46 97 39 28
 31 42 42 34 199 241 49 46 40 28 48 49 32 34 51 43 50 42 0 55 42 33 15 47 22 52 87 27 1883 56 17 60 51 21 67 69 32 37 57 25 602 54 50 87 60 34 30 42 92 35 22
 51 61 60 50 201 298 62 66 57 46 67 72 49 54 73 65 61 58 55 0 48 40 22 52 27 60 94 34 1891 61 24 70 55 27 77 73 34 49 64 31 613 62 52 93 68 44 36 51 100 42 27
 38 49 47 40 236 305 56 52 47 34 50 60 37 40 66 49 56 47 42 48 0 35 18 48 22 56 89 30 1884 56 21 63 55 27 71 68 30 40 60 26 603 57 49 90 62 36 32 46 95 37 23
 27 35 36 28 194 217 39 45 34 23 45 50 28 29 48 40 39 36 33 40 35 0 16 45 19 52 86 25 1879 54 15 57 48 21 66 67 28 38 55 22 601 51 46 87 58 34 31 42 89 33 20
 12 18 22 12 193 201 26 31 18 7 27 33 11 14 34 23 22 21 15 22 18 16 0 38 12 44 80 20 1874 47 8 51 42 14 60 59 22 31 47 17 594 44 39 80 51 28 23 35 83 26 12
 40 48 48 41 223 289 56 57 52 37 58 63 41 43 64 53 57 51 47 52 48 45 38 0 26 58 94 33 1884 60 18 65 54 26 75 69 36 41 57 28 606 57 50 94 63 38 35 46 93 39 23
 16 26 27 16 198 263 27 32 26 11 31 30 15 19 39 28 31 27 22 27 22 19 12 26 0 45 81 22 1876 49 9 53 44 15 63 60 24 33 48 18 596 46 42 82 54 29 24 37 84 28 15
 46 56 58 49 198 276 60 60 55 43 61 69 46 51 73 64 60 60 52 60 56 52 44 58 45 0 97 36 1891 60 24 66 58 30 73 75 39 45 60 34 606 58 51 92 63 43 35 52 95 43 24
 82 91 91 85 281 331 100 97 89 79 99 100 82 85 104 98 94 93 87 94 89 86 80 94 81 97 0 49 1903 76 39 80 71 45 92 90 55 62 73 46 623 70 63 104 78 51 47 69 117 57 44
 22 31 34 23 205 290 35 36 32 19 42 43 23 25 44 37 41 31 27 34 30 25 20 33 22 36 49 0 1878 52 13 56 48 20 65 63 27 35 51 22 600 48 44 84 57 32 28 39 89 31 18
 1876 1884 1888 1878 2044 2086 1894 1893 1888 1873 1896 1892 1876 1879 1898 1888 1890 1886 1883 1891 1884 1879 1874 1884 1876 1891 1903 1878 0 669 630 798 789 636 869 805 705 839 731 701 1341 853 786 951 673 649 707 719 954 648 884
 50 60 61 50 217 317 68 66 61 46 69 67 49 54 71 64 66 63 56 61 56 54 47 60 49 60 76 52 669 0 26 66 55 32 76 75 37 45 60 34 607 58 58 94 70 44 37 53 100 39 31
 12 20 22 12 178 278 28 24 20 7 30 28 10 13 34 25 24 19 17 24 21 15 8 18 9 24 39 13 630 26 0 51 43 14 60 59 21 30 47 17 595 44 39 80 51 28 23 35 83 26 12
 54 65 66 55 206 302 73 74 61 50 67 75 55 56 80 65 67 66 60 70 63 57 51 65 53 66 80 56 798 66 51 0 60 28 75 75 37 48 68 36 613 61 55 96 67 45 39 51 104 47 28
 45 52 57 47 228 255 57 63 53 41 64 62 44 48 66 62 61 53 51 55 55 48 42 54 44 58 71 48 789 55 43 60 0 30 74 70 34 44 58 32 608 59 51 92 68 44 39 46 95 38 24
 16 25 28 18 184 207 35 37 23 13 29 39 16 19 43 31 31 25 21 27 27 21 14 26 15 30 45 20 636 32 14 28 30 0 62 61 23 33 50 20 596 46 43 83 54 29 25 38 86 28 14
 64 74 71 64 215 311 78 83 73 59 79 82 63 66 87 76 79 72 67 77 71 66 60 75 63 73 92 65 869 76 60 75 74 62 0 80 39 55 70 34 617 65 64 103 70 50 48 60 106 51 30
 61 69 69 63 213 329 75 75 73 58 79 84 62 64 83 77 76 75 69 73 68 67 59 69 60 75 90 63 805 75 59 75 70 61 80 0 44 49 69 34 619 66 60 104 74 48 47 57 100 44 37
 24 35 36 25 238 234 36 39 31 20 38 43 25 26 50 37 36 36 32 34 30 28 22 36 24 39 55 27 705 37 21 37 34 23 39 44 0 37 51 24 599 50 44 85 58 33 28 40 88 31 18
 33 40 45 35 247 262 50 50 43 29 47 54 33 37 62 46 46 46 37 49 40 38 31 41 33 45 62 35 839 45 30 48 44 33 55 49 37 0 55 24 602 53 47 91 59 37 31 46 90 37 22
 50 57 59 51 264 259 65 68 61 46 62 67 49 52 69 61 61 60 57 64 60 55 47 57 48 60 73 51 731 60 47 68 58 50 70 69 51 55 0 34 607 60 52 97 67 40 41 52 101 40 25
 21 28 29 20 202 210 37 34 27 16 32 37 20 24 46 31 38 31 25 31 26 22 17 28 18 34 46 22 701 34 17 36 32 20 34 34 24 24 34 0 598 47 43 83 55 31 27 39 87 30 16
 598 605 608 599 749 845 616 610 608 593 616 612 597 602 626 608 609 609 602 613 603 601 594 606 596 606 623 600 1341 607 595 613 608 596 617 619 599 602 607 598 0 279 235 295 306 262 258 250 278 261 227
 47 58 57 49 229 237 59 61 58 43 59 69 46 49 68 59 60 58 54 62 57 51 44 57 46 58 70 48 853 58 44 61 59 46 65 66 50 53 60 47 279 0 54 93 67 42 37 48 95 40 28
 42 54 54 45 194 252 57 57 49 38 56 65 41 44 71 58 55 53 50 52 49 46 39 50 42 51 63 44 786 58 39 55 51 43 64 60 44 47 52 43 235 54 0 94 62 40 36 48 98 41 24
 84 91 93 85 250 273 101 96 94 79 95 103 83 86 102 97 96 91 87 93 90 87 80 94 82 92 104 84 951 94 80 96 92 83 103 104 85 91 97 83 295 93 94 0 78 51 49 59 109 55 36
 54 65 65 55 221 322 66 67 64 50 70 71 53 58 80 68 69 65 60 68 62 58 51 63 54 63 78 57 673 70 51 67 68 54 70 74 58 59 67 55 306 67 62 78 0 43 44 52 102 43 30
 30 38 39 33 228 278 47 43 38 26 48 49 29 33 51 46 46 38 34 44 36 34 28 38 29 43 51 32 649 44 28 45 44 29 50 48 33 37 40 31 262 42 40 51 43 0 30 42 92 33 19
 27 33 33 28 240 293 38 39 34 22 45 43 25 30 49 40 40 37 30 36 32 31 23 35 24 35 47 28 707 37 23 39 39 25 48 47 28 31 41 27 258 37 36 49 44 30 0 42 90 33 18
 38 47 46 39 205 286 55 58 45 34 52 53 37 40 61 52 54 46 42 51 46 42 35 46 37 52 69 39 719 53 35 51 46 38 60 57 40 46 52 39 250 48 48 59 52 42 42 0 93 36 21
 85 94 97 88 284 353 101 106 94 82 100 106 86 90 112 100 104 97 92 100 95 89 83 93 84 95 117 89 954 100 83 104 95 86 106 100 88 90 101 87 278 95 98 109 102 92 90 93 0 61 42
 28 36 38 31 196 238 41 43 40 25 48 51 28 32 48 44 47 39 35 42 37 33 26 39 28 43 57 31 648 39 26 47 38 28 51 44 31 37 40 30 261 40 41 55 43 33 33 36 61 0 21
 15 26 24 16 182 263 27 33 25 11 33 32 14 17 36 32 30 28 22 27 23 20 12 23 15 24 44 18 884 31 12 28 24 14 30 37 18 22 25 16 227 28 24 36 30 19 18 21 42 21 0

 0 491 52 46 22 17 61 50 55 30 6 50 9 40 35 5 44 61 31 34 477 25 35 37 628 58 17 36 37 37 24 5 328 41 57 50 401 31 69 46 131 268 30 17 38 6 23 436 22 22 55
 491 0 210 268 196 174 282 239 245 219 228 271 166 230 242 228 267 283 221 208 634 215 258 258 850 279 222 225 259 243 230 179 518 231 246 207 558 252 226 220 354 458 252 191 227 163 212 610 196 196 277
 52 210 0 59 38 34 77 61 70 41 20 65 20 52 49 23 58 79 44 46 490 38 47 50 641 73 32 50 53 53 37 23 346 58 71 62 416 46 80 58 145 281 46 31 55 22 35 448 40 40 67
 46 268 59 0 36 27 72 60 66 43 16 64 19 52 51 18 54 72 41 46 490 36 48 49 639 69 28 49 49 47 34 18 340 51 70 61 410 42 82 60 147 280 45 31 51 16 37 451 33 33 67
 22 196 38 36 0 19 62 51 58 33 7 51 11 42 39 9 47 64 34 37 479 27 38 38 631 59 18 37 40 40 26 9 330 45 59 53 403 33 71 48 135 271 31 21 39 9 25 439 26 24 58
 17 174 34 27 19 0 59 49 55 29 6 50 10 40 36 6 46 62 32 34 477 25 36 36 628 56 17 36 37 37 24 6 328 41 58 50 400 30 68 47 131 268 31 19 37 5 22 436 23 23 55
 61 282 77 72 62 59 0 63 76 49 23 69 23 60 50 21 62 82 45 50 491 45 50 55 646 78 32 55 51 58 43 21 346 57 78 70 414 45 86 62 153 288 45 37 53 21 40 454 40 36 71
 50 239 61 60 51 49 63 0 71 43 18 61 25 55 48 22 57 73 43 45 490 41 46 52 639 71 32 49 53 51 34 22 344 54 73 61 414 44 85 61 148 279 44 28 52 16 34 450 36 36 71
 55 245 70 66 58 55 76 71 0 45 18 65 28 58 51 25 62 77 50 53 492 41 48 50 641 69 35 48 53 53 41 21 346 54 69 62 416 47 84 65 144 281 45 35 50 18 35 452 38 41 74
 30 219 41 43 33 29 49 43 45 0 10 56 13 44 42 11 49 65 37 40 481 32 40 40 635 63 21 41 44 43 31 13 335 46 63 53 407 34 76 52 136 273 37 22 41 11 28 440 26 27 60
 6 228 20 16 7 6 23 18 18 10 0 45 5 36 32 2 41 57 27 30 473 21 32 32 624 53 12 32 33 33 20 2 324 38 53 45 396 26 65 42 128 264 26 14 33 2 18 432 18 18 51
 50 271 65 64 51 50 69 61 65 56 45 0 22 52 52 16 61 75 42 48 489 41 52 52 639 73 31 50 52 53 40 18 344 58 67 63 414 40 83 60 146 283 43 31 51 22 37 452 36 36 71
 9 166 20 19 11 10 23 25 28 13 5 22 0 38 33 3 42 59 29 31 474 22 33 33 625 54 13 33 34 35 21 3 326 39 54 46 397 27 66 43 129 265 27 15 34 3 19 433 19 20 52
 40 230 52 52 42 40 60 55 58 44 36 52 38 0 43 15 56 70 42 42 489 34 45 44 640 69 25 44 47 45 33 18 339 50 65 61 412 38 78 58 143 277 39 27 45 13 34 444 34 32 67
 35 242 49 51 39 36 50 48 51 42 32 52 33 43 0 13 55 67 41 40 485 31 44 45 638 63 23 44 46 44 31 13 338 48 64 56 410 37 78 54 142 276 39 24 47 16 28 446 29 28 64
 5 228 23 18 9 6 21 22 25 11 2 16 3 15 13 0 41 57 27 30 473 21 32 32 624 53 12 32 33 33 20 2 324 38 53 45 396 26 65 42 128 264 26 14 33 2 18 432 18 18 51
 44 267 58 54 47 46 62 57 62 49 41 61 42 56 55 41 0 75 41 48 486 38 49 46 642 66 25 49 49 46 33 15 337 53 66 62 410 43 83 59 142 277 40 32 50 15 32 449 35 36 67
 61 283 79 72 64 62 82 73 77 65 57 75 59 70 67 57 75 0 51 54 495 47 52 58 644 73 34 56 59 53 44 26 350 56 79 69 415 48 87 64 148 286 46 32 57 20 44 456 38 40 73
 31 221 44 41 34 32 45 43 50 37 27 42 29 42 41 27 41 51 0 40 485 31 43 43 634 62 23 40 45 44 29 12 334 48 64 57 405 36 74 53 137 276 34 22 42 14 27 441 28 28 62
 34 208 46 46 37 34 50 45 53 40 30 48 31 42 40 30 48 54 40 0 485 33 41 41 635 65 25 42 43 43 31 13 335 50 63 55 407 35 78 54 139 277 35 25 46 12 28 445 30 30 64
 477 634 490 490 479 477 491 490 492 481 473 489 474 489 485 473 486 495 485 485 0 178 220 204 844 257 185 220 190 253 224 190 513 210 225 202 553 245 237 199 332 421 214 171 190 221 207 621 207 191 224
 25 215 38 36 27 25 45 41 41 32 21 41 22 34 31 21 38 47 31 33 178 0 39 40 632 62 20 39 40 42 26 8 331 45 62 54 403 35 71 49 137 273 35 22 40 10 26 439 26 27 60
 35 258 47 48 38 36 50 46 48 40 32 52 33 45 44 32 49 52 43 41 220 39 0 45 637 65 22 46 44 47 33 16 336 51 64 58 408 39 79 54 140 278 36 26 47 13 32 445 28 28 62
 37 258 50 49 38 36 55 52 50 40 32 52 33 44 45 32 46 58 43 41 204 40 45 0 634 63 24 42 46 46 33 16 334 50 65 57 409 37 78 56 140 278 37 26 45 12 30 446 28 29 63
 628 850 641 639 631 628 646 639 641 635 624 639 625 640 638 624 642 644 634 635 844 632 637 634 0 343 240 322 303 324 310 209 532 245 343 315 687 316 355 333 377 534 275 242 303 271 309 660 309 267 321
 58 279 73 69 59 56 78 71 69 63 53 73 54 69 63 53 66 73 62 65 257 62 65 63 343 0 34 55 57 52 42 19 341 58 71 64 415 43 83 66 151 285 44 31 54 20 35 451 37 35 68
 17 222 32 28 18 17 32 32 35 21 12 31 13 25 23 12 25 34 23 25 185 20 22 24 240 34 0 35 38 38 25 6 329 42 57 49 401 30 69 46 133 268 30 19 37 5 23 437 23 22 55
 36 225 50 49 37 36 55 49 48 41 32 50 33 44 44 32 49 56 40 42 220 39 46 42 322 55 35 0 43 46 34 12 338 49 64 55 408 37 77 52 139 276 39 24 43 14 32 446 28 32 65
 37 259 53 49 40 37 51 53 53 44 33 52 34 47 46 33 49 59 45 43 190 40 44 46 303 57 38 43 0 47 30 14 335 49 63 56 409 38 75 57 141 279 39 26 44 15 33 443 31 33 64
 37 243 53 47 40 37 58 51 53 43 33 53 35 45 44 33 46 53 44 43 253 42 47 46 324 52 38 46 47 0 34 13 338 48 63 58 409 40 79 55 138 277 38 27 47 14 30 443 29 30 66
 24 230 37 34 26 24 43 34 41 31 20 40 21 33 31 20 33 44 29 31 224 26 33 33 310 42 25 34 30 34 0 8 332 46 60 54 404 34 72 50 135 273 32 21 41 10 26 439 24 26 60
 5 179 23 18 9 6 21 22 21 13 2 18 3 18 13 2 15 26 12 13 190 8 16 16 209 19 6 12 14 13 8 0 324 38 53 45 396 26 65 42 128 264 26 14 33 2 18 432 18 18 51
 328 518 346 340 330 328 346 344 346 335 324 344 326 339 338 324 337 350 334 335 513 331 336 334 532 341 329 338 335 338 332 324 0 167 192 174 514 155 215 182 278 382 155 132 184 131 126 550 126 169 159
 41 231 58 51 45 41 57 54 54 46 38 58 39 50 48 38 53 56 48 50 210 45 51 50 245 58 42 49 49 48 46 38 167 0 68 61 409 42 77 58 144 281 38 27 45 17 31 447 33 35 64
 57 246 71 70 59 58 78 73 69 63 53 67 54 65 64 53 66 79 64 63 225 62 64 65 343 71 57 64 63 63 60 53 192 68 0 66 418 46 85 61 148 286 43 37 57 25 37 456 35 39 73
 50 207 62 61 53 50 70 61 62 53 45 63 46 61 56 45 62 69 57 55 202 54 58 57 315 64 49 55 56 58 54 45 174 61 66 0 414 42 85 62 146 283 46 32 48 18 33 452 36 34 69
 401 558 416 410 403 400 414 414 416 407 396 414 397 412 410 396 410 415 405 407 553 403 408 409 687 415 401 408 409 409 404 396 514 409 418 414 0 157 249 174 285 448 170 158 178 186 189 590 176 176 209
 31 252 46 42 33 30 45 44 47 34 26 40 27 38 37 26 43 48 36 35 245 35 39 37 316 43 30 37 38 40 34 26 155 42 46 42 157 0 74 53 139 272 35 25 43 13 28 441 29 26 62
 69 226 80 82 71 68 86 85 84 76 65 83 66 78 78 65 83 87 74 78 237 71 79 78 355 83 69 77 75 79 72 65 215 77 85 85 249 74 0 65 157 294 53 35 60 29 45 457 41 43 72
 46 220 58 60 48 47 62 61 65 52 42 60 43 58 54 42 59 64 53 54 199 49 54 56 333 66 46 52 57 55 50 42 182 58 61 62 174 53 65 0 147 280 42 33 47 19 32 451 32 36 70
 131 354 145 147 135 131 153 148 144 136 128 146 129 143 142 128 142 148 137 139 332 137 140 140 377 151 133 139 141 138 135 128 278 144 148 146 285 139 157 147 0 319 68 72 79 56 64 474 69 64 97
 268 458 281 280 271 268 288 279 281 273 264 283 265 277 276 264 277 286 276 277 421 273 278 278 534 285 268 276 279 277 273 264 382 281 286 283 448 272 294 280 319 0 139 110 129 98 141 546 132 141 139
 30 252 46 45 31 31 45 44 45 37 26 43 27 39 39 26 40 46 34 35 214 35 36 37 275 44 30 39 39 38 32 26 155 38 43 46 170 35 53 42 68 139 0 22 44 10 28 443 29 29 59
 17 191 31 31 21 19 37 28 35 22 14 31 15 27 24 14 32 32 22 25 171 22 26 26 242 31 19 24 26 27 21 14 132 27 37 32 158 25 35 33 72 110 22 0 38 6 23 437 23 23 57
 38 227 55 51 39 37 53 52 50 41 33 51 34 45 47 33 50 57 42 46 190 40 47 45 303 54 37 43 44 47 41 33 184 45 57 48 178 43 60 47 79 129 44 38 0 16 32 443 31 29 62
 6 163 22 16 9 5 21 16 18 11 2 22 3 13 16 2 15 20 14 12 221 10 13 12 271 20 5 14 15 14 10 2 131 17 25 18 186 13 29 19 56 98 10 6 16 0 18 432 18 18 51
 23 212 35 37 25 22 40 34 35 28 18 37 19 34 28 18 32 44 27 28 207 26 32 30 309 35 23 32 33 30 26 18 126 31 37 33 189 28 45 32 64 141 28 23 32 18 0 438 24 25 59
 436 610 448 451 439 436 454 450 452 440 432 452 433 444 446 432 449 456 441 445 621 439 445 446 660 451 437 446 443 443 439 432 550 447 456 452 590 441 457 451 474 546 443 437 443 432 438 0 190 190 195
 22 196 40 33 26 23 40 36 38 26 18 36 19 34 29 18 35 38 28 30 207 26 28 28 309 37 23 28 31 29 24 18 126 33 35 36 176 29 41 32 69 132 29 23 31 18 24 190 0 25 57
 22 196 40 33 24 23 36 36 41 27 18 36 20 32 28 18 36 40 28 30 191 27 28 29 267 35 22 32 33 30 26 18 169 35 39 34 176 26 43 36 64 141 29 23 29 18 25 190 25 0 57
 55 277 67 67 58 55 71 71 74 60 51 71 52 67 64 51 67 73 62 64 224 60 62 63 321 68 55 65 64 66 60 51 159 64 73 69 209 62 72 70 97 139 59 57 62 51 59 195 57 57 0

 0 148 20 42 49 51 71 32 40 24 73 47 24 247 25 56 71 20 20 446 277 98 31 73 51 54 67 83 52 34 90 62 75 56 50 38 32 43 39 30 50 51 112 80 498 50 80 22 63 212 38
 148 0 59 78 81 95 97 74 85 55 108 87 68 283 70 91 110 59 46 486 317 129 71 116 82 90 103 130 85 66 130 103 106 103 89 69 67 75 75 66 87 87 148 127 534 78 122 58 90 247 67
 20 59 0 24 36 33 53 17 23 6 59 33 6 230 12 42 53 2 2 432 260 80 14 59 38 36 54 68 36 21 72 45 62 41 32 20 14 30 26 17 33 33 99 65 485 33 65 9 45 198 23
 42 78 24 0 44 41 62 27 31 15 66 42 14 238 20 51 60 11 11 441 270 89 22 68 45 45 64 77 47 29 80 54 72 49 41 29 23 41 33 27 44 41 110 74 492 41 74 20 54 208 30
 49 81 36 44 0 48 64 29 35 18 74 46 20 241 27 58 65 14 18 448 271 93 27 75 49 52 70 83 49 37 86 61 74 57 43 31 30 45 37 33 48 48 113 77 498 48 81 23 61 211 36
 51 95 33 41 48 0 66 27 33 19 69 47 21 241 23 55 67 14 14 447 271 91 24 72 52 49 66 78 51 34 83 56 76 51 44 34 27 41 38 29 48 46 111 78 496 48 75 24 58 209 36
 71 97 53 62 64 66 0 40 46 27 76 50 30 248 33 66 70 19 20 451 280 102 36 76 58 57 75 90 58 42 94 67 82 61 55 42 34 49 49 40 54 50 123 85 502 54 82 33 66 220 41
 32 74 17 27 29 27 40 0 29 13 64 39 11 236 18 48 59 7 8 438 266 87 20 66 44 43 60 73 42 27 79 50 69 47 37 26 20 37 31 23 40 40 105 70 490 39 71 16 51 205 28
 40 85 23 31 35 33 46 29 0 16 66 41 14 237 21 49 60 9 9 440 269 88 21 67 45 45 63 77 45 28 81 52 71 49 41 29 21 37 34 25 41 43 108 74 494 43 74 18 53 208 30
 24 55 6 15 18 19 27 13 16 0 60 35 8 232 14 44 54 3 4 434 261 81 15 60 40 38 56 70 38 23 74 47 63 42 33 22 15 32 27 19 35 35 101 66 486 35 67 11 47 200 24
 73 108 59 66 74 69 76 64 66 60 0 52 27 249 33 61 77 26 22 453 282 100 36 85 58 59 77 90 59 42 99 66 84 60 52 42 38 53 45 41 60 54 122 85 504 52 84 30 64 221 45
 47 87 33 42 46 47 50 39 41 35 52 0 18 240 23 56 63 15 15 447 273 91 24 69 52 48 66 78 51 33 84 58 74 54 43 32 28 44 37 29 45 44 112 77 496 46 78 21 57 212 34
 24 68 6 14 20 21 30 11 14 8 27 18 0 231 14 44 55 3 3 434 261 81 16 60 39 38 56 69 38 23 74 47 63 42 33 21 15 32 27 18 35 35 101 67 486 35 66 11 47 200 25
 247 283 230 238 241 241 248 236 237 232 249 240 231 0 88 149 159 78 100 523 366 186 120 135 114 112 130 174 112 112 163 136 153 117 115 126 105 137 109 115 140 117 190 156 568 124 141 100 144 282 99
 25 70 12 20 27 23 33 18 21 14 33 23 14 88 0 46 56 7 6 437 265 84 18 63 41 40 59 73 40 25 76 50 65 44 36 25 17 34 29 21 37 37 104 68 488 37 68 14 49 203 26
 56 91 42 51 58 55 66 48 49 44 61 56 44 149 46 0 67 21 15 446 276 94 28 73 52 51 72 81 52 36 88 61 76 60 46 36 33 49 42 36 48 49 118 79 499 48 82 27 60 213 36
 71 110 53 60 65 67 70 59 60 54 77 63 55 159 56 67 0 20 24 454 277 102 31 77 56 53 78 85 55 45 94 64 84 58 52 40 37 47 46 37 52 54 120 83 505 57 87 26 69 222 46
 20 59 2 11 14 14 19 7 9 3 26 15 3 78 7 21 20 0 2 432 260 80 14 59 38 36 54 68 36 21 72 45 62 41 32 20 14 30 26 17 33 33 99 65 485 33 65 9 45 198 23
 20 46 2 11 18 14 20 8 9 4 22 15 3 100 6 15 24 2 0 432 260 80 14 59 38 36 54 68 36 21 72 45 62 41 32 20 14 30 26 17 33 33 99 65 485 33 65 9 45 198 23
 446 486 432 441 448 447 451 438 440 434 453 447 434 523 437 446 454 432 432 0 403 281 171 245 195 237 226 240 180 165 259 217 205 227 233 177 157 202 183 174 234 191 257 222 671 191 237 181 232 385 180
 277 317 260 270 271 271 280 266 269 261 282 273 261 366 265 276 277 260 260 403 0 183 100 162 124 157 149 162 139 124 193 166 156 152 118 131 134 125 137 120 119 119 220 176 605 145 159 112 131 301 143
 98 129 80 89 93 91 102 87 88 81 100 91 81 186 84 94 102 80 80 281 183 0 50 85 71 62 88 96 65 58 109 71 93 67 63 48 42 67 62 48 62 70 133 93 521 67 93 46 76 229 49
 31 71 14 22 27 24 36 20 21 15 36 24 16 120 18 28 31 14 14 171 100 50 0 63 42 40 60 72 41 26 77 50 66 45 36 24 18 36 30 22 37 37 103 69 489 39 69 14 50 203 27
 73 116 59 68 75 72 76 66 67 60 85 69 60 135 63 73 77 59 59 245 162 85 63 0 64 63 77 92 55 42 99 64 86 67 58 44 40 57 52 36 56 52 118 87 509 54 91 30 68 219 45
 51 82 38 45 49 52 58 44 45 40 58 52 39 114 41 52 56 38 38 195 124 71 42 64 0 51 66 80 51 33 87 58 78 55 46 34 29 47 42 33 49 48 112 78 497 50 77 22 61 214 36
 54 90 36 45 52 49 57 43 45 38 59 48 38 112 40 51 53 36 36 237 157 62 40 63 51 0 68 81 49 35 87 59 78 56 45 35 25 44 41 28 46 46 115 80 498 48 77 24 60 213 39
 67 103 54 64 70 66 75 60 63 56 77 66 56 130 59 72 78 54 54 226 149 88 60 77 66 68 0 87 61 42 93 70 79 65 54 41 38 55 47 34 52 54 118 82 509 58 87 30 70 217 42
 83 130 68 77 83 78 90 73 77 70 90 78 69 174 73 81 85 68 68 240 162 96 72 92 80 81 87 0 60 50 94 69 88 69 54 48 42 52 50 43 60 55 123 93 507 55 91 31 72 227 53
 52 85 36 47 49 51 58 42 45 38 59 51 38 112 40 52 55 36 36 180 139 65 41 55 51 49 61 60 0 33 85 58 73 56 48 35 29 43 38 33 47 48 113 76 496 48 78 24 58 214 34
 34 66 21 29 37 34 42 27 28 23 42 33 23 112 25 36 45 21 21 165 124 58 26 42 33 35 42 50 33 0 79 53 69 49 40 28 22 37 34 24 40 40 106 72 494 40 71 18 52 207 30
 90 130 72 80 86 83 94 79 81 74 99 84 74 163 76 88 94 72 72 259 193 109 77 99 87 87 93 94 85 79 0 76 87 66 65 50 44 61 59 45 64 64 130 93 518 66 98 33 69 226 46
 62 103 45 54 61 56 67 50 52 47 66 58 47 136 50 61 64 45 45 217 166 71 50 64 58 59 70 69 58 53 76 0 78 58 50 37 30 50 43 33 48 52 119 81 501 49 83 28 65 213 39
 75 106 62 72 74 76 82 69 71 63 84 74 63 153 65 76 84 62 62 205 156 93 66 86 78 78 79 88 73 69 87 78 0 69 52 42 40 56 48 43 53 61 127 87 509 53 93 33 71 218 51
 56 103 41 49 57 51 61 47 49 42 60 54 42 117 44 60 58 41 41 227 152 67 45 67 55 56 65 69 56 49 66 58 69 0 47 34 32 48 43 31 46 50 112 80 499 49 82 26 63 216 37
 50 89 32 41 43 44 55 37 41 33 52 43 33 115 36 46 52 32 32 233 118 63 36 58 46 45 54 54 48 40 65 50 52 47 0 33 27 41 38 29 47 47 112 77 496 46 75 22 55 209 34
 38 69 20 29 31 34 42 26 29 22 42 32 21 126 25 36 40 20 20 177 131 48 24 44 34 35 41 48 35 28 50 37 42 34 33 0 21 38 33 24 41 40 105 72 492 40 73 18 51 205 29
 32 67 14 23 30 27 34 20 21 15 38 28 15 105 17 33 37 14 14 157 134 42 18 40 29 25 38 42 29 22 44 30 40 32 27 21 0 35 30 21 38 39 105 70 490 38 69 13 50 203 28
 43 75 30 41 45 41 49 37 37 32 53 44 32 137 34 49 47 30 30 202 125 67 36 57 47 44 55 52 43 37 61 50 56 48 41 38 35 0 35 28 44 45 111 76 497 43 74 22 58 208 36
 39 75 26 33 37 38 49 31 34 27 45 37 27 109 29 42 46 26 26 183 137 62 30 52 42 41 47 50 38 34 59 43 48 43 38 33 30 35 0 25 44 42 108 74 494 44 73 20 54 209 34
 30 66 17 27 33 29 40 23 25 19 41 29 18 115 21 36 37 17 17 174 120 48 22 36 33 28 34 43 33 24 45 33 43 31 29 24 21 28 25 0 39 40 106 71 492 39 72 15 50 205 29
 50 87 33 44 48 48 54 40 41 35 60 45 35 140 37 48 52 33 33 234 119 62 37 56 49 46 52 60 47 40 64 48 53 46 47 41 38 44 44 39 0 44 110 75 498 48 75 21 60 209 33
 51 87 33 41 48 46 50 40 43 35 54 44 35 117 37 49 54 33 33 191 119 70 37 52 48 46 54 55 48 40 64 52 61 50 47 40 39 45 42 40 44 0 111 78 495 48 78 23 59 212 35
 112 148 99 110 113 111 123 105 108 101 122 112 101 190 104 118 120 99 99 257 220 133 103 118 112 115 118 123 113 106 130 119 127 112 112 105 105 111 108 106 110 111 0 110 517 72 107 45 84 244 62
 80 127 65 74 77 78 85 70 74 66 85 77 67 156 68 79 83 65 65 222 176 93 69 87 78 80 82 93 76 72 93 81 87 80 77 72 70 76 74 71 75 78 110 0 510 58 94 32 68 223 48
 498 534 485 492 498 496 502 490 494 486 504 496 486 568 488 499 505 485 485 671 605 521 489 509 497 498 509 507 496 494 518 501 509 499 496 492 490 497 494 492 498 495 517 510 0 242 258 235 206 375 248
 50 78 33 41 48 48 54 39 43 35 52 46 35 124 37 48 57 33 33 191 145 67 39 54 50 48 58 55 48 40 66 49 53 49 46 40 38 43 44 39 48 48 72 58 242 0 75 21 58 213 36
 80 122 65 74 81 75 82 71 74 67 84 78 66 141 68 82 87 65 65 237 159 93 69 91 77 77 87 91 78 71 98 83 93 82 75 73 69 74 73 72 75 78 107 94 258 75 0 34 70 223 52
 22 58 9 20 23 24 33 16 18 11 30 21 11 100 14 27 26 9 9 181 112 46 14 30 22 24 30 31 24 18 33 28 33 26 22 18 13 22 20 15 21 23 45 32 235 21 34 0 49 201 26
 63 90 45 54 61 58 66 51 53 47 64 57 47 144 49 60 69 45 45 232 131 76 50 68 61 60 70 72 58 52 69 65 71 63 55 51 50 58 54 50 60 59 84 68 206 58 70 49 0 213 43
 212 247 198 208 211 209 220 205 208 200 221 212 200 282 203 213 222 198 198 385 301 229 203 219 214 213 217 227 214 207 226 213 218 216 209 205 203 208 209 205 209 212 244 223 375 213 223 201 213 0 101
 38 67 23 30 36 36 41 28 30 24 45 34 25 99 26 36 46 23 23 180 143 49 27 45 36 39 42 53 34 30 46 39 51 37 34 29 28 36 34 29 33 35 62 48 248 36 52 26 43 101 0

 0 24 45 358 48 62 54 51 75 67 173 55 90 63 82 49 86 77 28 30 22 44 258 28 81 54 33 49 585 64 28 58 34 44 41 82 43 42 528 66 71 35 66 55 73 81 95 590 67 51 82
 24 0 21 336 24 45 33 27 51 45 156 33 68 42 63 26 68 59 9 6 2 27 236 11 57 33 11 26 561 45 9 41 12 27 24 59 24 18 507 45 54 17 45 33 51 60 78 573 45 29 65
 45 21 0 344 33 54 40 36 58 52 163 40 74 49 71 33 75 68 16 14 10 36 242 19 66 42 18 35 570 54 16 48 19 36 31 66 32 27 514 52 61 24 54 42 60 69 87 580 52 38 72
 358 336 344 0 136 168 167 161 174 201 312 167 190 187 175 148 179 215 143 118 124 172 392 156 202 178 133 148 717 157 121 174 146 172 169 204 136 130 663 190 188 162 157 189 207 172 201 696 179 185 176
 48 24 33 136 0 53 44 38 59 55 166 44 76 51 71 36 75 67 19 17 9 35 245 20 66 41 19 35 572 53 18 48 20 38 32 69 35 26 516 54 62 25 53 42 60 70 86 584 55 39 75
 62 45 54 168 53 0 53 47 70 63 174 48 85 61 83 44 88 77 29 25 18 46 254 29 73 52 31 42 576 60 24 61 27 46 44 75 44 37 522 61 69 31 63 48 67 75 93 592 63 43 81
 54 33 40 167 44 53 0 42 66 57 167 46 80 56 75 36 78 69 23 17 14 41 250 25 71 48 22 37 574 59 23 51 25 41 36 70 38 31 520 57 69 28 60 46 62 74 93 586 60 43 79
 51 27 36 161 38 47 42 0 60 57 167 42 77 53 72 38 79 67 18 18 11 36 247 19 69 43 20 35 572 55 19 50 22 38 33 71 35 27 517 55 63 26 54 42 62 69 87 585 57 41 76
 75 51 58 174 59 70 66 60 0 62 178 50 91 64 83 44 84 80 31 26 20 49 252 29 74 51 34 47 578 67 26 57 30 50 47 80 46 38 524 67 74 40 65 51 69 78 98 591 68 45 88
 67 45 52 201 55 63 57 57 62 0 172 51 86 58 83 42 85 73 28 26 20 46 256 25 72 53 28 43 577 60 28 55 28 45 42 79 43 34 523 63 74 37 64 52 66 76 97 589 61 43 79
 173 156 163 312 166 174 167 167 178 172 0 90 135 114 130 87 124 115 61 78 74 99 292 62 129 85 67 82 623 107 76 113 74 94 86 126 91 80 569 107 126 73 117 100 123 117 145 645 107 101 121
 55 33 40 167 44 48 46 42 50 51 90 0 78 55 78 40 79 73 22 18 15 42 248 25 72 47 22 38 575 56 21 52 24 41 39 69 35 30 518 58 66 30 57 46 65 72 92 585 58 43 79
 90 68 74 190 76 85 80 77 91 86 135 78 0 71 85 48 98 81 38 37 28 58 264 35 79 55 35 54 583 72 36 63 43 58 48 85 55 40 531 69 83 45 69 60 80 87 100 604 69 57 87
 63 42 49 187 51 61 56 53 64 58 114 55 71 0 82 43 81 75 24 24 16 46 253 28 76 49 28 39 577 60 24 57 26 46 38 78 39 37 526 59 69 34 64 51 66 74 93 592 63 45 81
 82 63 71 175 71 83 75 72 83 83 130 78 85 82 0 48 90 85 30 27 26 50 258 33 80 54 39 54 584 68 36 67 41 50 53 79 45 45 534 66 79 37 70 54 80 89 99 594 72 49 89
 49 26 33 148 36 44 36 38 44 42 87 40 48 43 48 0 77 70 17 15 11 38 246 19 66 41 20 36 571 56 17 50 20 38 35 69 34 29 516 55 62 25 56 43 59 71 89 584 56 38 76
 86 68 75 179 75 88 78 79 84 85 124 79 98 81 90 77 0 85 36 35 32 51 266 35 86 60 41 56 583 74 40 63 41 54 55 85 46 47 536 72 85 39 69 60 82 82 105 604 74 51 93
 77 59 68 215 67 77 69 67 80 73 115 73 81 75 85 70 85 0 36 25 26 46 258 37 80 58 33 52 582 64 30 61 37 52 51 85 47 37 530 70 79 37 72 52 72 83 101 598 70 51 91
 28 9 16 143 19 29 23 18 31 28 61 22 38 24 30 17 36 36 0 9 5 30 238 13 60 36 13 29 564 49 12 44 15 30 27 62 27 21 511 48 57 20 48 36 54 63 82 577 48 31 68
 30 6 14 118 17 25 17 18 26 26 78 18 37 24 27 15 35 25 9 0 3 29 238 13 59 35 12 28 563 47 11 42 14 29 26 60 26 20 509 47 56 19 47 35 53 62 80 575 47 30 67
 22 2 10 124 9 18 14 11 20 20 74 15 28 16 26 11 32 26 5 3 0 27 236 11 57 33 11 26 561 45 9 41 12 27 24 59 24 18 507 45 54 17 45 33 51 60 78 573 45 29 65
 44 27 36 172 35 46 41 36 49 46 99 42 58 46 50 38 51 46 30 29 27 0 248 22 66 45 22 38 573 57 21 49 24 36 35 68 35 30 518 57 63 26 57 45 60 70 89 582 54 39 76
 258 236 242 392 245 254 250 247 252 256 292 248 264 253 258 246 266 258 238 238 236 248 0 112 151 127 120 104 647 154 95 150 106 121 110 152 110 104 616 123 140 126 154 127 153 162 180 682 147 130 143
 28 11 19 156 20 29 25 19 29 25 62 25 35 28 33 19 35 37 13 13 11 22 112 0 61 36 14 30 564 49 13 44 16 31 28 63 28 22 511 49 57 21 49 36 54 64 82 577 49 33 68
 81 57 66 202 66 73 71 69 74 72 129 72 79 76 80 66 86 80 60 59 57 66 151 61 0 53 37 50 581 69 35 67 36 49 48 83 48 38 533 69 78 43 69 53 70 86 98 593 65 49 83
 54 33 42 178 41 52 48 43 51 53 85 47 55 49 54 41 60 58 36 35 33 45 127 36 53 0 25 37 575 57 24 52 23 40 38 70 39 32 518 58 69 29 59 45 66 75 90 586 57 43 79
 33 11 18 133 19 31 22 20 34 28 67 22 35 28 39 20 41 33 13 12 11 22 120 14 37 25 0 30 565 49 13 45 16 30 28 62 27 21 510 49 57 20 49 36 55 63 82 577 49 33 69
 49 26 35 148 35 42 37 35 47 43 82 38 54 39 54 36 56 52 29 28 26 38 104 30 50 37 30 0 569 56 20 49 22 35 32 68 32 27 515 54 65 27 55 44 62 71 89 584 54 39 73
 585 561 570 717 572 576 574 572 578 577 623 575 583 577 584 571 583 582 564 563 561 573 647 564 581 575 565 569 0 250 233 283 255 214 248 245 211 261 694 269 297 240 269 238 312 303 302 797 269 252 251
 64 45 54 157 53 60 59 55 67 60 107 56 72 60 68 56 74 64 49 47 45 57 154 49 69 57 49 56 250 0 25 59 30 47 40 75 44 36 522 65 73 34 64 48 66 78 94 591 61 45 83
 28 9 16 121 18 24 23 19 26 28 76 21 36 24 36 17 40 30 12 11 9 21 95 13 35 24 13 20 233 25 0 44 15 30 27 62 28 21 510 48 57 20 48 37 54 63 81 576 49 32 67
 58 41 48 174 48 61 51 50 57 55 113 52 63 57 67 50 63 61 44 42 41 49 150 44 67 52 45 49 283 59 44 0 28 44 37 73 38 36 524 62 68 34 59 47 65 73 96 590 62 43 83
 34 12 19 146 20 27 25 22 30 28 74 24 43 26 41 20 41 37 15 14 12 24 106 16 36 23 16 22 255 30 15 28 0 32 29 62 29 22 512 49 59 21 50 37 56 65 82 578 50 32 68
 44 27 36 172 38 46 41 38 50 45 94 41 58 46 50 38 54 52 30 29 27 36 121 31 49 40 30 35 214 47 30 44 32 0 36 71 35 29 518 54 66 29 54 42 63 70 90 582 55 37 73
 41 24 31 169 32 44 36 33 47 42 86 39 48 38 53 35 55 51 27 26 24 35 110 28 48 38 28 32 248 40 27 37 29 36 0 68 32 27 517 53 65 25 53 42 59 68 87 583 53 37 75
 82 59 66 204 69 75 70 71 80 79 126 69 85 78 79 69 85 85 62 60 59 68 152 63 83 70 62 68 245 75 62 73 62 71 68 0 51 45 534 64 79 37 72 56 70 83 97 598 70 48 89
 43 24 32 136 35 44 38 35 46 43 91 35 55 39 45 34 46 47 27 26 24 35 110 28 48 39 27 32 211 44 28 38 29 35 32 51 0 29 516 54 65 24 56 41 62 69 88 583 54 38 74
 42 18 27 130 26 37 31 27 38 34 80 30 40 37 45 29 47 37 21 20 18 30 104 22 38 32 21 27 261 36 21 36 22 29 27 45 29 0 514 52 60 24 52 39 59 67 84 580 52 36 71
 528 507 514 663 516 522 520 517 524 523 569 518 531 526 534 516 536 530 511 509 507 518 616 511 533 518 510 515 694 522 510 524 512 518 517 534 516 514 0 264 273 185 247 252 253 262 280 809 264 265 301
 66 45 52 190 54 61 57 55 67 63 107 58 69 59 66 55 72 70 48 47 45 57 123 49 69 58 49 54 269 65 48 62 49 54 53 64 54 52 264 0 73 31 61 53 69 78 93 593 64 49 82
