51 3

 0 666 44 66 48 298 1169 35 103 50 45 73 51 48 69 90 74 27 51 69 53 44 299 74 6408 23 24 54 432 81 58 28 51 23 28 72 23 63 70 80 78 73 86 56 64 23 90 65 60 27 74
 666 0 261 264 326 510 1363 232 338 312 300 310 286 246 345 368 334 289 241 347 292 263 539 354 6621 260 263 289 645 299 292 286 286 263 219 356 303 282 282 362 296 308 325 293 298 219 351 304 293 239 293
 44 261 0 57 35 281 1157 26 89 40 28 59 36 38 54 76 62 18 35 53 44 36 290 62 6394 9 14 39 416 71 43 15 35 14 11 62 12 55 53 68 66 60 74 43 47 13 79 56 43 9 64
 66 264 57 0 43 295 1166 35 101 47 40 68 46 46 64 83 70 31 47 62 53 41 296 73 6404 22 22 46 428 80 52 22 47 26 19 70 23 62 61 77 77 67 85 50 56 23 88 62 53 20 76
 48 326 35 43 0 281 1158 25 90 41 29 59 35 41 53 74 63 18 33 53 44 35 288 62 6393 11 13 39 419 69 44 16 38 15 14 62 11 56 54 68 68 59 74 45 48 11 80 53 43 12 65
 298 510 281 295 281 0 1265 143 188 149 137 178 118 157 161 184 172 100 125 172 142 134 389 179 6502 119 95 157 526 152 142 115 136 113 94 145 92 154 154 178 176 176 175 143 157 103 170 145 125 92 173
 1169 1363 1157 1166 1158 1265 0 551 614 566 478 586 562 565 502 486 474 506 446 465 568 408 739 435 6881 536 425 565 943 558 530 426 447 539 462 436 536 542 427 557 441 584 563 417 459 462 605 465 417 460 552
 35 232 26 35 25 143 551 0 87 38 25 57 32 36 50 71 60 15 31 52 38 31 288 58 6390 8 10 35 415 68 40 12 34 11 8 59 7 50 51 66 64 55 72 42 45 9 77 50 41 7 62
 103 338 89 101 90 188 614 87 0 68 53 85 61 67 77 95 83 46 54 74 67 52 314 79 6421 35 36 67 445 98 59 43 58 31 34 85 38 82 76 89 85 76 97 63 65 29 97 71 71 35 89
 50 312 40 47 41 149 566 38 68 0 30 62 39 44 58 77 64 22 37 55 46 39 291 64 6398 12 15 41 418 76 45 19 41 17 14 68 15 58 56 71 73 62 78 45 50 14 82 56 46 16 69
 45 300 28 40 29 137 478 25 53 30 0 60 36 36 51 73 62 18 33 53 39 34 289 59 6392 8 11 39 417 70 40 15 33 11 10 60 8 52 52 67 66 58 72 41 46 10 79 51 42 10 63
 73 310 59 68 59 178 586 57 85 62 60 0 49 53 67 89 74 32 42 65 56 42 297 76 6406 21 26 50 426 81 53 23 49 21 23 71 25 62 67 80 75 68 84 54 56 21 92 68 51 23 72
 51 286 36 46 35 118 562 32 61 39 36 49 0 39 54 75 65 19 34 56 45 36 293 63 6393 10 13 41 417 71 42 17 37 13 14 63 14 56 56 71 67 61 75 43 48 12 83 54 45 10 67
 48 246 38 46 41 157 565 36 67 44 36 53 39 0 57 77 66 21 38 57 43 37 293 63 6394 12 16 42 421 73 44 16 39 14 15 65 11 55 58 70 69 62 79 44 51 15 80 57 45 12 67
 69 345 54 64 53 161 502 50 77 58 51 67 54 57 0 83 69 29 42 63 51 44 295 67 6399 21 19 50 425 78 50 20 42 24 17 74 17 62 60 75 77 69 86 53 54 18 90 65 51 17 71
 90 368 76 83 74 184 486 71 95 77 73 89 75 77 83 0 78 39 51 71 57 47 302 76 6412 30 28 60 430 92 63 28 53 35 25 78 30 69 73 90 84 80 96 65 61 25 99 73 58 30 86
 74 334 62 70 63 172 474 60 83 64 62 74 65 66 69 78 0 30 43 63 52 47 303 75 6407 19 26 55 426 84 51 24 45 24 28 73 21 68 63 78 78 67 89 54 57 21 90 63 54 19 77
 27 289 18 31 18 100 506 15 46 22 18 32 19 21 29 39 30 0 29 48 37 29 283 56 6387 5 7 33 411 64 36 9 30 7 6 57 5 48 48 63 62 53 69 37 42 6 74 48 38 5 58
 51 241 35 47 33 125 446 31 54 37 33 42 34 38 42 51 43 29 0 56 44 35 289 61 6394 13 15 41 418 70 41 16 37 14 14 65 11 55 55 70 67 58 77 44 50 11 82 54 46 11 64
 69 347 53 62 53 172 465 52 74 55 53 65 56 57 63 71 63 48 56 0 49 43 301 73 6400 20 22 45 427 79 52 25 46 22 18 74 18 63 63 75 76 68 82 52 54 21 85 61 51 18 76
 53 292 44 53 44 142 568 38 67 46 39 56 45 43 51 57 52 37 44 49 0 39 295 65 6399 12 18 42 421 74 47 17 41 16 14 69 16 59 57 75 72 63 77 46 53 17 84 59 48 13 69
 44 263 36 41 35 134 408 31 52 39 34 42 36 37 44 47 47 29 35 43 39 0 291 61 6395 11 13 41 419 72 41 14 38 15 13 64 12 56 55 69 70 58 74 43 48 13 79 56 44 12 66
 299 539 290 296 288 389 739 288 314 291 289 297 293 293 295 302 303 283 289 301 295 291 0 174 6496 95 107 132 520 164 154 127 120 107 115 156 104 138 175 181 152 180 196 156 151 96 173 147 146 132 177
 74 354 62 73 62 179 435 58 79 64 59 76 63 63 67 76 75 56 61 73 65 61 174 0 6403 25 28 52 432 79 52 27 48 22 25 73 24 62 62 77 81 68 87 52 56 22 94 64 53 24 73
 6408 6621 6394 6404 6393 6502 6881 6390 6421 6398 6392 6406 6393 6394 6399 6412 6407 6387 6394 6400 6399 6395 6496 6403 0 2129 2558 3009 2961 2827 2799 2346 2367 2132 2769 2182 2980 2811 2173 2613 2612 2603 2406 2375 2167 2769 2411 2385 2588 2129 2183
 23 260 9 22 11 119 536 8 35 12 8 21 10 12 21 30 19 5 13 20 12 11 95 25 2129 0 5 30 408 62 33 6 27 5 3 54 2 45 45 60 59 50 66 35 39 3 71 45 35 2 56
 24 263 14 22 13 95 425 10 36 15 11 26 13 16 19 28 26 7 15 22 18 13 107 28 2558 5 0 31 410 63 34 7 28 6 4 55 3 46 46 61 60 51 67 36 41 4 72 46 36 3 57
 54 289 39 46 39 157 565 35 67 41 39 50 41 42 50 60 55 33 41 45 42 41 132 52 3009 30 31 0 420 75 44 16 37 16 15 64 11 57 56 72 72 63 78 48 51 14 81 57 46 15 65
 432 645 416 428 419 526 943 415 445 418 417 426 417 421 425 430 426 411 418 427 421 419 520 432 2961 408 410 420 0 238 169 196 176 154 139 230 164 208 235 196 194 226 202 184 188 152 247 181 197 164 245
 81 299 71 80 69 152 558 68 98 76 70 81 71 73 78 92 84 64 70 79 74 72 164 79 2827 62 63 75 238 0 57 34 47 33 29 74 30 67 67 84 87 72 94 61 67 25 93 73 57 30 84
 58 292 43 52 44 142 530 40 59 45 40 53 42 44 50 63 51 36 41 52 47 41 154 52 2799 33 34 44 169 57 0 17 40 17 14 68 16 59 58 74 71 64 81 45 53 15 83 56 49 16 69
 28 286 15 22 16 115 426 12 43 19 15 23 17 16 20 28 24 9 16 25 17 14 127 27 2346 6 7 16 196 34 17 0 29 6 5 56 4 47 47 62 60 51 68 36 41 5 73 47 37 3 58
 51 286 35 47 38 136 447 34 58 41 33 49 37 39 42 53 45 30 37 46 41 38 120 48 2367 27 28 37 176 47 40 29 0 13 14 65 14 54 54 69 70 62 78 43 51 12 83 57 46 13 68
 23 263 14 26 15 113 539 11 31 17 11 21 13 14 24 35 24 7 14 22 16 15 107 22 2132 5 6 16 154 33 17 6 13 0 4 55 3 46 46 61 60 51 67 36 40 4 72 46 36 3 57
 28 219 11 19 14 94 462 8 34 14 10 23 14 15 17 25 28 6 14 18 14 13 115 25 2769 3 4 15 139 29 14 5 14 4 0 55 2 46 46 61 59 50 67 35 40 4 71 46 35 2 56
 72 356 62 70 62 145 436 59 85 68 60 71 63 65 74 78 73 57 65 74 69 64 156 73 2182 54 55 64 230 74 68 56 65 55 55 0 21 70 66 78 80 71 91 56 57 21 92 63 56 24 78
 23 303 12 23 11 92 536 7 38 15 8 25 14 11 17 30 21 5 11 18 16 12 104 24 2980 2 3 11 164 30 16 4 14 3 2 21 0 45 45 60 59 50 66 35 39 3 71 45 35 2 56
 63 282 55 62 56 154 542 50 82 58 52 62 56 55 62 69 68 48 55 63 59 56 138 62 2811 45 46 57 208 67 59 47 54 46 46 70 45 0 61 78 79 68 86 55 59 23 85 63 51 19 70
 70 282 53 61 54 154 427 51 76 56 52 67 56 58 60 73 63 48 55 63 57 55 175 62 2173 45 46 56 235 67 58 47 54 46 46 66 45 61 0 75 76 70 82 52 59 21 87 65 52 19 73
 80 362 68 77 68 178 557 66 89 71 67 80 71 70 75 90 78 63 70 75 75 69 181 77 2613 60 61 72 196 84 74 62 69 61 61 78 60 78 75 0 80 69 90 58 59 28 92 70 60 23 79
 78 296 66 77 68 176 441 64 85 73 66 75 67 69 77 84 78 62 67 76 72 70 152 81 2612 59 60 72 194 87 71 60 70 60 59 80 59 79 76 80 0 74 85 57 66 28 95 68 61 22 78
 73 308 60 67 59 176 584 55 76 62 58 68 61 62 69 80 67 53 58 68 63 58 180 68 2603 50 51 63 226 72 64 51 62 51 50 71 50 68 70 69 74 0 87 55 55 21 87 63 55 22 73
 86 325 74 85 74 175 563 72 97 78 72 84 75 79 86 96 89 69 77 82 77 74 196 87 2406 66 67 78 202 94 81 68 78 67 67 91 66 86 82 90 85 87 0 58 67 29 94 67 60 32 79
 56 293 43 50 45 143 417 42 63 45 41 54 43 44 53 65 54 37 44 52 46 43 156 52 2375 35 36 48 184 61 45 36 43 36 35 56 35 55 52 58 57 55 58 0 51 16 86 56 46 14 69
 64 298 47 56 48 157 459 45 65 50 46 56 48 51 54 61 57 42 50 54 53 48 151 56 2167 39 41 51 188 67 53 41 51 40 40 57 39 59 59 59 66 55 67 51 0 16 88 58 47 17 73
 23 219 13 23 11 103 462 9 29 14 10 21 12 15 18 25 21 6 11 21 17 13 96 22 2769 3 4 14 152 25 15 5 12 4 4 21 3 23 21 28 28 21 29 16 16 0 71 46 35 2 56
 90 351 79 88 80 170 605 77 97 82 79 92 83 80 90 99 90 74 82 85 84 79 173 94 2411 71 72 81 247 93 83 73 83 72 71 92 71 85 87 92 95 87 94 86 88 71 0 77 62 25 83
 65 304 56 62 53 145 465 50 71 56 51 68 54 57 65 73 63 48 54 61 59 56 147 64 2385 45 46 57 181 73 56 47 57 46 46 63 45 63 65 70 68 63 67 56 58 46 77 0 51 20 74
 60 293 43 53 43 125 417 41 71 46 42 51 45 45 51 58 54 38 46 51 48 44 146 53 2588 35 36 46 197 57 49 37 46 36 35 56 35 51 52 60 61 55 60 46 47 35 62 51 0 15 67
 27 239 9 20 12 92 460 7 35 16 10 23 10 12 17 30 19 5 11 18 13 12 132 24 2129 2 3 15 164 30 16 3 13 3 2 24 2 19 19 23 22 22 32 14 17 2 25 20 15 0 56
 74 293 64 76 65 173 552 62 89 69 63 72 67 67 71 86 77 58 64 76 69 66 177 73 2183 56 57 65 245 84 69 58 68 57 56 78 56 70 73 79 78 73 79 69 73 56 83 74 67 56 0

 0 54 53 49 73 13 49 65 11 11 29 23 39 37 48 468 73 60 14 341 44 408 21 174 49 263 57 26 54 33 72 44 64 52 52 281 44 19 43 60 21 50 523 39 53 79 69 314 30 22 11
 54 0 58 55 76 16 52 70 15 19 37 30 46 42 58 470 79 63 21 345 54 410 28 180 52 268 63 33 57 39 81 51 66 53 61 288 52 22 45 70 27 60 528 48 54 87 72 322 37 27 18
 53 58 0 54 78 15 55 73 19 15 36 33 42 45 55 471 75 66 21 346 51 415 24 180 51 267 67 27 58 42 81 51 70 57 60 285 47 21 48 65 30 60 524 45 60 85 78 318 34 30 18
 49 55 54 0 75 15 52 69 18 14 33 26 41 42 57 471 78 66 22 345 48 410 27 175 53 268 66 30 60 40 79 45 64 57 58 288 46 23 48 65 24 57 523 48 54 83 72 319 35 25 14
 73 76 78 75 0 24 64 76 30 24 46 40 51 55 59 484 90 72 27 360 61 418 33 190 62 277 76 36 62 49 91 60 73 63 66 298 57 36 52 75 33 61 536 50 69 96 87 329 42 40 24
 13 16 15 15 24 0 36 56 2 2 18 14 29 27 39 456 62 50 5 332 35 396 9 162 38 251 48 14 42 23 63 32 51 39 42 270 33 8 30 51 11 41 510 30 41 68 59 303 20 12 2
 49 52 55 52 64 36 0 72 18 15 33 27 45 39 53 471 73 63 21 344 50 412 21 175 54 264 60 29 54 34 76 43 67 52 56 284 48 19 44 63 24 57 523 46 54 80 72 316 35 26 18
 65 70 73 69 76 56 72 0 27 27 38 32 52 49 61 478 81 68 24 350 56 418 33 180 63 272 73 32 67 41 87 55 76 57 62 294 53 29 50 76 34 66 528 55 62 93 84 328 41 34 25
 11 15 19 18 30 2 18 27 0 2 18 14 29 27 39 456 62 50 5 332 35 396 9 162 38 251 48 14 42 23 63 32 51 39 42 270 33 8 30 51 11 41 510 30 41 68 59 303 20 12 2
 11 19 15 14 24 2 15 27 2 0 18 14 29 27 39 456 62 50 5 332 35 396 9 162 38 251 48 14 42 23 63 32 51 39 42 270 33 8 30 51 11 41 510 30 41 68 59 303 20 12 2
 29 37 36 33 46 18 33 38 18 18 0 19 35 34 46 464 68 56 10 338 41 404 15 169 43 257 54 21 48 29 70 38 59 45 48 276 39 14 36 59 18 47 517 36 48 73 64 309 27 18 7
 23 30 33 26 40 14 27 32 14 14 19 0 33 31 44 460 67 54 9 336 39 401 13 168 43 255 52 18 46 27 68 36 55 44 47 276 38 12 35 57 16 45 516 36 46 72 63 308 24 17 6
 39 46 42 41 51 29 45 52 29 29 35 33 0 37 48 465 72 61 16 344 47 409 22 171 50 263 58 26 52 32 74 42 64 52 52 280 44 20 42 62 20 51 521 41 52 77 71 314 30 22 14
 37 42 45 42 55 27 39 49 27 27 34 31 37 0 51 466 71 61 13 341 47 405 20 173 46 261 58 26 52 32 72 42 60 48 51 280 42 19 39 61 23 53 519 39 49 77 71 312 31 23 14
 48 58 55 57 59 39 53 61 39 39 46 44 48 51 0 469 77 65 21 345 52 414 24 177 51 264 62 26 56 36 81 44 65 52 60 285 46 21 48 64 28 57 526 43 54 84 72 321 33 25 14
 468 470 471 471 484 456 471 478 456 456 464 460 465 466 469 0 243 216 217 529 186 563 176 344 235 417 200 211 239 204 230 229 233 206 239 452 185 205 197 263 223 253 722 212 238 265 225 485 186 164 214
 73 79 75 78 90 62 73 81 62 62 68 67 72 71 77 243 0 78 31 356 55 418 37 188 62 279 76 36 70 47 87 60 75 65 66 290 57 36 54 77 37 69 532 54 61 94 79 325 42 34 24
 60 63 66 66 72 50 63 68 50 50 56 54 61 61 65 216 78 0 22 351 52 415 27 178 58 267 67 34 63 40 84 51 74 57 58 289 54 25 49 69 28 60 528 53 61 84 79 326 40 28 22
 14 21 21 22 27 5 21 24 5 5 10 9 16 13 21 217 31 22 0 333 36 398 10 163 39 252 49 15 43 24 65 33 52 40 43 272 34 9 32 52 12 42 511 31 42 69 60 304 21 13 3
 341 345 346 345 360 332 344 350 332 332 338 336 344 341 345 529 356 351 333 0 156 517 130 283 148 361 169 146 196 166 217 186 172 182 185 413 143 151 184 161 154 173 631 173 173 189 202 457 141 133 134
 44 54 51 48 61 35 50 56 35 35 41 39 47 47 52 186 55 52 36 156 0 410 23 175 49 265 62 27 53 34 76 44 64 55 55 282 46 23 43 65 26 55 522 43 54 83 71 314 31 25 16
 408 410 415 410 418 396 412 418 396 396 404 401 409 405 414 563 418 415 398 517 410 0 193 333 222 395 193 145 226 180 195 203 222 171 200 428 204 139 214 235 195 172 668 162 198 212 190 474 164 157 186
 21 28 24 27 33 9 21 33 9 9 15 13 22 20 24 176 37 27 10 130 23 193 0 165 40 254 51 17 46 26 67 34 54 42 45 273 36 10 33 54 14 44 513 33 44 71 61 306 23 16 4
 174 180 180 175 190 162 175 180 162 162 169 168 171 173 177 344 188 178 163 283 175 333 165 0 96 315 107 67 117 76 122 107 110 114 117 345 92 61 89 115 64 105 574 100 116 137 123 357 95 82 55
 49 52 51 53 62 38 54 63 38 38 43 43 50 46 51 235 62 58 39 148 49 222 40 96 0 267 64 28 57 38 76 45 66 56 58 287 49 24 45 63 25 53 527 43 54 82 71 318 34 28 16
 263 268 267 268 277 251 264 272 251 251 257 255 263 261 264 417 279 267 252 361 265 395 254 315 267 0 131 113 142 106 154 148 134 155 150 370 149 99 146 151 110 132 601 113 149 176 150 403 136 95 118
 57 63 67 66 76 48 60 73 48 48 54 52 58 58 62 200 76 67 49 169 62 193 51 107 64 131 0 35 58 43 82 47 70 59 62 290 52 29 50 70 28 58 526 47 58 83 76 320 38 29 23
 26 33 27 30 36 14 29 32 14 14 21 18 26 26 26 211 36 34 15 146 27 145 17 67 28 113 35 0 48 28 68 36 56 45 47 274 37 13 34 56 16 45 514 34 45 72 63 307 24 18 7
 54 57 58 60 62 42 54 67 42 42 48 46 52 52 56 239 70 63 43 196 53 226 46 117 57 142 58 48 0 36 77 48 70 53 61 285 49 25 49 70 28 60 526 49 58 81 72 317 36 28 18
 33 39 42 40 49 23 34 41 23 23 29 27 32 32 36 204 47 40 24 166 34 180 26 76 38 106 43 28 36 0 73 39 60 48 49 279 43 15 38 59 18 50 519 37 49 75 68 311 29 20 9
 72 81 81 79 91 63 76 87 63 63 70 68 74 72 81 230 87 84 65 217 76 195 67 122 76 154 82 68 77 73 0 58 74 64 71 299 58 36 55 72 33 65 533 55 61 90 83 324 44 37 28
 44 51 51 45 60 32 43 55 32 32 38 36 42 42 44 229 60 51 33 186 44 203 34 107 45 148 47 36 48 39 58 0 62 53 52 280 47 20 44 65 22 53 523 43 53 80 69 313 31 25 14
 64 66 70 64 73 51 67 76 51 51 59 55 64 60 65 233 75 74 52 172 64 222 54 110 66 134 70 56 70 60 74 62 0 57 59 290 51 29 50 74 30 59 530 50 62 84 80 325 39 29 25
 52 53 57 57 63 39 52 57 39 39 45 44 52 48 52 206 65 57 40 182 55 171 42 114 56 155 59 45 53 48 64 53 57 0 56 288 51 24 48 65 24 53 528 46 53 84 76 321 36 27 19
 52 61 60 58 66 42 56 62 42 42 48 47 52 51 60 239 66 58 43 185 55 200 45 117 58 150 62 47 61 49 71 52 59 56 0 286 48 22 49 69 27 54 525 48 57 82 72 319 39 26 18
 281 288 285 288 298 270 284 294 270 270 276 276 280 280 285 452 290 289 272 413 282 428 273 345 287 370 290 274 285 279 299 280 290 288 286 0 123 97 155 159 100 157 618 155 166 175 175 411 118 137 118
 44 52 47 46 57 33 48 53 33 33 39 38 44 42 46 185 57 54 34 143 46 204 36 92 49 149 52 37 49 43 58 47 51 51 48 123 0 20 44 62 22 53 525 41 54 79 72 318 33 24 14
 19 22 21 23 36 8 19 29 8 8 14 12 20 19 21 205 36 25 9 151 23 139 10 61 24 99 29 13 25 15 36 20 29 24 22 97 20 0 33 54 13 43 512 33 43 70 61 305 22 15 4
 43 45 48 48 52 30 44 50 30 30 36 35 42 39 48 197 54 49 32 184 43 214 33 89 45 146 50 34 49 38 55 44 50 48 49 155 44 33 0 64 22 54 521 42 50 79 72 315 30 24 12
 60 70 65 65 75 51 63 76 51 51 59 57 62 61 64 263 77 69 52 161 65 235 54 115 63 151 70 56 70 59 72 65 74 65 69 159 62 54 64 0 30 57 530 47 62 91 75 323 43 29 21
 21 27 30 24 33 11 24 34 11 11 18 16 20 23 28 223 37 28 12 154 26 195 14 64 25 110 28 16 28 18 33 22 30 24 27 100 22 13 22 30 0 44 514 34 45 71 62 307 24 15 5
 50 60 60 57 61 41 57 66 41 41 47 45 51 53 57 253 69 60 42 173 55 172 44 105 53 132 58 45 60 50 65 53 59 53 54 157 53 43 54 57 44 0 524 43 55 81 72 317 33 29 19
 523 528 524 523 536 510 523 528 510 510 517 516 521 519 526 722 532 528 511 631 522 668 513 574 527 601 526 514 526 519 533 523 530 528 525 618 525 512 521 530 514 524 0 200 278 305 279 507 189 249 239
 39 48 45 48 50 30 46 55 30 30 36 36 41 39 43 212 54 53 31 173 43 162 33 100 43 113 47 34 49 37 55 43 50 46 48 155 41 33 42 47 34 43 200 0 54 79 71 315 32 22 15
 53 54 60 54 69 41 54 62 41 41 48 46 52 49 54 238 61 61 42 173 54 198 44 116 54 149 58 45 58 49 61 53 62 53 57 166 54 43 50 62 45 55 278 54 0 82 76 321 33 30 16
 79 87 85 83 96 68 80 93 68 68 73 72 77 77 84 265 94 84 69 189 83 212 71 137 82 176 83 72 81 75 90 80 84 84 82 175 79 70 79 91 71 81 305 79 82 0 83 330 44 43 30
 69 72 78 72 87 59 72 84 59 59 64 63 71 71 72 225 79 79 60 202 71 190 61 123 71 150 76 63 72 68 83 69 80 76 72 175 72 61 72 75 62 72 279 71 76 83 0 322 46 35 22
 314 322 318 319 329 303 316 328 303 303 309 308 314 312 321 485 325 326 304 457 314 474 306 357 318 403 320 307 317 311 324 313 325 321 319 411 318 305 315 323 307 317 507 315 321 330 322 0 140 113 112
 30 37 34 35 42 20 35 41 20 20 27 24 30 31 33 186 42 40 21 141 31 164 23 95 34 136 38 24 36 29 44 31 39 36 39 118 33 22 30 43 24 33 189 32 33 44 46 140 0 21 8
 22 27 30 25 40 12 26 34 12 12 18 17 22 23 25 164 34 28 13 133 25 157 16 82 28 95 29 18 28 20 37 25 29 27 26 137 24 15 24 29 15 29 249 22 30 43 35 113 21 0 5
 11 18 18 14 24 2 18 25 2 2 7 6 14 14 14 214 24 22 3 134 16 186 4 55 16 118 23 7 18 9 28 14 25 19 18 118 14 4 12 21 5 19 239 15 16 30 22 112 8 5 0

 0 47 46 61 103 82 84 80 393 69 27 32 126 83 643 75 48 422 102 127 63 58 68 48 46 43 30 69 71 53 91 86 75 65 30 598 42 264 32 76 53 34 63 27 42 59 77 90 348 27 58
 47 0 28 40 80 60 57 60 367 48 7 7 104 63 618 57 26 394 76 105 41 32 43 30 29 21 11 47 44 27 66 67 47 39 8 573 15 238 11 54 26 8 37 10 15 39 57 69 331 8 32
 46 28 0 42 83 63 58 63 369 49 10 9 106 64 621 58 29 397 78 106 42 34 46 30 30 24 12 48 47 29 67 69 52 39 9 576 19 240 16 57 29 12 40 11 19 42 61 69 334 11 36
 61 40 42 0 86 66 63 68 372 55 13 16 108 68 624 63 32 403 84 111 49 40 48 37 33 27 19 54 48 33 73 75 53 43 16 582 20 243 19 61 31 14 43 14 21 47 65 74 336 12 39
 103 80 83 86 0 86 83 88 392 68 36 33 125 82 642 83 49 420 101 129 69 61 62 52 57 49 29 65 69 54 94 87 72 63 29 592 39 258 40 80 51 37 57 37 39 60 81 89 356 31 52
 82 60 63 66 86 0 72 73 379 62 24 26 119 75 631 69 41 413 90 120 59 46 57 45 45 38 26 58 62 37 81 81 60 56 21 590 27 252 27 71 42 24 53 22 27 58 74 86 347 23 48
 84 57 58 63 83 72 0 76 383 57 18 23 114 80 635 73 38 405 87 117 51 50 61 42 42 32 23 62 59 41 80 78 59 55 20 590 26 253 29 68 43 26 52 23 26 50 69 78 342 20 47
 80 60 63 68 88 73 76 0 378 63 23 21 120 75 631 70 37 413 88 117 57 46 57 45 45 40 22 63 60 44 83 79 61 56 19 585 27 250 29 69 42 24 48 26 30 58 74 81 347 24 50
 393 367 369 372 392 379 383 378 0 172 133 121 253 212 744 206 163 508 224 243 178 194 193 166 154 170 124 184 193 139 180 192 186 163 157 699 176 375 150 192 175 147 174 170 153 153 206 193 468 157 194
 69 48 49 55 68 62 57 63 172 0 19 17 113 70 626 68 34 403 83 116 53 44 52 40 41 33 19 59 56 33 77 74 58 49 20 584 22 249 24 64 33 16 48 17 27 47 67 76 338 19 41
 27 7 10 13 36 24 18 23 133 19 0 2 98 57 612 51 20 389 69 99 35 27 38 23 23 15 5 41 38 20 60 60 42 32 2 567 9 231 6 48 20 3 30 3 9 33 51 62 324 2 27
 32 7 9 16 33 26 23 21 121 17 2 0 98 57 612 51 20 389 69 99 35 27 38 23 23 15 5 41 38 20 60 60 42 32 2 567 9 231 6 48 20 3 30 3 9 33 51 62 324 2 27
 126 104 106 108 125 119 114 120 253 113 98 98 0 102 654 96 52 433 101 134 79 62 82 55 58 50 49 79 70 52 102 95 87 76 37 609 51 270 51 87 58 42 69 45 48 75 86 103 363 43 66
 83 63 64 68 82 75 80 75 212 70 57 57 102 0 634 75 38 415 89 119 59 46 60 45 47 39 27 61 62 40 80 86 64 54 28 593 28 250 28 70 38 22 50 22 29 55 75 86 348 20 49
 643 618 621 624 642 631 635 631 744 626 612 612 654 634 0 316 223 653 293 384 299 312 282 308 308 280 228 285 302 264 264 345 246 317 266 832 233 516 271 292 243 288 295 247 213 257 336 347 548 287 312
 75 57 58 63 83 69 73 70 206 68 51 51 96 75 316 0 39 407 92 122 58 45 59 41 42 35 28 62 61 38 77 78 62 55 18 584 31 249 29 70 39 23 47 26 27 56 68 78 341 21 50
 48 26 29 32 49 41 38 37 163 34 20 20 52 38 223 39 0 395 77 106 42 35 45 31 30 21 12 49 46 28 67 66 48 38 8 574 17 238 13 57 27 10 36 12 15 39 60 69 333 8 36
 422 394 397 403 420 413 405 413 508 403 389 389 433 415 653 407 395 0 250 280 189 156 218 177 203 144 185 221 205 187 228 241 171 161 143 709 177 386 187 177 187 184 211 184 190 201 180 191 453 182 169
 102 76 78 84 101 90 87 88 224 83 69 69 101 89 293 92 77 250 0 124 57 59 65 54 54 47 32 65 69 44 83 87 71 59 29 599 34 258 29 71 42 30 62 35 41 60 74 89 353 24 50
 127 105 106 111 129 120 117 117 243 116 99 99 134 119 384 122 106 280 124 0 67 63 77 62 62 51 37 83 70 62 106 106 81 77 47 609 45 264 45 84 55 42 76 36 55 79 97 104 357 41 73
 63 41 42 49 69 59 51 57 178 53 35 35 79 59 299 58 42 189 57 67 0 41 53 34 34 27 17 52 53 33 72 73 56 45 16 579 21 242 19 64 34 15 46 17 23 44 63 76 338 14 38
 58 32 34 40 61 46 50 46 194 44 27 27 62 46 312 45 35 156 59 63 41 0 49 33 31 24 14 53 48 28 72 72 53 41 12 576 19 240 15 57 29 13 39 12 21 42 62 70 336 13 39
 68 43 46 48 62 57 61 57 193 52 38 38 82 60 282 59 45 218 65 77 53 49 0 36 35 31 17 56 52 35 72 77 58 44 18 580 25 246 23 64 33 19 45 18 21 46 67 78 339 15 43
 48 30 30 37 52 45 42 45 166 40 23 23 55 45 308 41 31 177 54 62 34 33 36 0 32 25 12 48 45 28 67 67 51 39 11 575 16 238 14 57 29 11 39 13 18 42 60 70 332 9 34
 46 29 30 33 57 45 42 45 154 41 23 23 58 47 308 42 30 203 54 62 34 31 35 32 0 22 12 50 47 27 67 70 49 41 9 577 17 239 14 57 27 10 39 10 18 40 61 69 332 9 34
 43 21 24 27 49 38 32 40 170 33 15 15 50 39 280 35 21 144 47 51 27 24 31 25 22 0 9 46 43 24 66 66 47 37 7 572 14 237 11 54 25 8 36 9 15 38 57 66 330 8 33
 30 11 12 19 29 26 23 22 124 19 5 5 49 27 228 28 12 185 32 37 17 14 17 12 12 9 0 42 39 21 61 61 43 33 3 569 10 232 7 49 21 4 31 4 10 34 52 63 325 3 29
 69 47 48 54 65 58 62 63 184 59 41 41 79 61 285 62 49 221 65 83 52 53 56 48 50 46 42 0 55 38 77 77 58 46 15 584 26 249 22 61 38 17 43 20 25 47 68 75 337 20 41
 71 44 47 48 69 62 59 60 193 56 38 38 70 62 302 61 46 205 69 70 53 48 52 45 47 43 39 55 0 35 77 72 54 45 16 584 22 247 21 64 34 15 46 15 22 50 67 74 337 16 44
 53 27 29 33 54 37 41 44 139 33 20 20 52 40 264 38 28 187 44 62 33 28 35 28 27 24 21 38 35 0 67 69 49 38 8 574 18 238 12 57 26 12 37 11 16 41 58 68 333 10 34
 91 66 67 73 94 81 80 83 180 77 60 60 102 80 264 77 67 228 83 106 72 72 72 67 67 66 61 77 77 67 0 85 69 51 29 592 29 256 33 75 41 30 57 28 34 57 76 81 346 29 52
 86 67 69 75 87 81 78 79 192 74 60 60 95 86 345 78 66 241 87 106 73 72 77 67 70 66 61 77 72 69 85 0 66 53 25 591 33 258 31 68 39 28 54 25 36 60 71 83 349 21 47
 75 47 52 53 72 60 59 61 186 58 42 42 87 64 246 62 48 171 71 81 56 53 58 51 49 47 43 58 54 49 69 66 0 48 21 582 23 249 24 67 33 18 45 19 28 47 70 78 342 18 41
 65 39 39 43 63 56 55 56 163 49 32 32 76 54 317 55 38 161 59 77 45 41 44 39 41 37 33 46 45 38 51 53 48 0 13 577 20 244 17 61 34 14 42 15 23 46 64 72 337 15 37
 30 8 9 16 29 21 20 19 157 20 2 2 37 28 266 18 8 143 29 47 16 12 18 11 9 7 3 15 16 8 29 25 21 13 0 567 9 231 6 48 20 3 30 3 9 33 51 62 324 2 27
 598 573 576 582 592 590 590 585 699 584 567 567 609 593 832 584 574 709 599 609 579 576 580 575 577 572 569 584 584 574 592 591 582 577 567 0 235 457 251 293 208 210 275 229 216 222 240 326 513 209 234
 42 15 19 20 39 27 26 27 176 22 9 9 51 28 233 31 17 177 34 45 21 19 25 16 17 14 10 26 22 18 29 33 23 20 9 235 0 234 10 51 22 6 34 6 13 37 54 65 327 4 30
 264 238 240 243 258 252 253 250 375 249 231 231 270 250 516 249 238 386 258 264 242 240 246 238 239 237 232 249 247 238 256 258 249 244 231 457 234 0 113 148 119 95 122 87 109 140 135 161 401 93 119
 32 11 16 19 40 27 29 29 150 24 6 6 51 28 271 29 13 187 29 45 19 15 23 14 14 11 7 22 21 12 33 31 24 17 6 251 10 113 0 50 22 5 32 5 11 35 53 63 326 3 29
 76 54 57 61 80 71 68 69 192 64 48 48 87 70 292 70 57 177 71 84 64 57 64 57 57 54 49 61 64 57 75 68 67 61 48 293 51 148 50 0 37 23 47 19 31 49 73 77 343 22 43
 53 26 29 31 51 42 43 42 175 33 20 20 58 38 243 39 27 187 42 55 34 29 33 29 27 25 21 38 34 26 41 39 33 34 20 208 22 119 22 37 0 10 38 10 16 41 59 69 333 10 34
 34 8 12 14 37 24 26 24 147 16 3 3 42 22 288 23 10 184 30 42 15 13 19 11 10 8 4 17 15 12 30 28 18 14 3 210 6 95 5 23 10 0 31 4 10 34 52 62 325 2 28
 63 37 40 43 57 53 52 48 174 48 30 30 69 50 295 47 36 211 62 76 46 39 45 39 39 36 31 43 46 37 57 54 45 42 30 275 34 122 32 47 38 31 0 14 22 44 63 75 336 13 38
 27 10 11 14 37 22 23 26 170 17 3 3 45 22 247 26 12 184 35 36 17 12 18 13 10 9 4 20 15 11 28 25 19 15 3 229 6 87 5 19 10 4 14 0 10 34 52 62 325 2 28
 42 15 19 21 39 27 26 30 153 27 9 9 48 29 213 27 15 190 41 55 23 21 21 18 18 15 10 25 22 16 34 36 28 23 9 216 13 109 11 31 16 10 22 10 0 36 54 64 327 5 30
 59 39 42 47 60 58 50 58 153 47 33 33 75 55 257 56 39 201 60 79 44 42 46 42 40 38 34 47 50 41 57 60 47 46 33 222 37 140 35 49 41 34 44 34 36 0 63 72 336 15 38
 77 57 61 65 81 74 69 74 206 67 51 51 86 75 336 68 60 180 74 97 63 62 67 60 61 57 52 68 67 58 76 71 70 64 51 240 54 135 53 73 59 52 63 52 54 63 0 80 344 21 45
 90 69 69 74 89 86 78 81 193 76 62 62 103 86 347 78 69 191 89 104 76 70 78 70 69 66 63 75 74 68 81 83 78 72 62 326 65 161 63 77 69 62 75 62 64 72 80 0 346 22 49
 348 331 334 336 356 347 342 347 468 338 324 324 363 348 548 341 333 453 353 357 338 336 339 332 332 330 325 337 337 333 346 349 342 337 324 513 327 401 326 343 333 325 336 325 327 336 344 346 0 109 135
 27 8 11 12 31 23 20 24 157 19 2 2 43 20 287 21 8 182 24 41 14 13 15 9 9 8 3 20 16 10 29 21 18 15 2 209 4 93 3 22 10 2 13 2 5 15 21 22 109 0 27
 58 32 36 39 52 48 47 50 194 41 27 27 66 49 312 50 36 169 50 73 38 39 43 34 34 33 29 41 44 34 52 47 41 37 27 234 30 119 29 43 34 28 38 28 30 38 45 49 135 27 0

 0 77 93 60 99 63 68 72 53 66 74 77 81 69 69 50 69 77 50 84 78 87 92 87 78 83 78 47 65 62 68 51 98 56 94 51 44 71 59 96 54 94 66 62 63 83 57 87 69 79 53
 73 0 96 66 112 64 69 79 51 72 84 86 82 82 70 63 86 96 61 103 90 113 102 110 88 79 86 51 68 86 71 65 110 70 101 67 55 92 58 110 48 95 74 64 56 94 62 100 87 82 51
 75 84 0 84 107 82 67 84 62 85 85 88 89 86 94 59 85 93 72 87 83 112 110 105 83 81 81 64 68 69 82 70 94 65 101 59 53 89 72 111 48 103 68 75 67 99 65 99 93 93 51
 71 85 87 0 101 64 67 66 46 71 75 75 82 58 67 49 67 78 59 85 73 94 95 91 70 69 79 43 59 70 64 54 100 59 91 59 56 72 58 97 49 89 64 63 61 75 61 84 66 67 46
 93 93 94 66 0 91 89 95 71 93 93 95 104 70 81 78 76 94 71 89 83 108 103 96 78 77 95 55 76 94 73 59 121 80 97 73 72 97 65 118 64 97 69 76 67 103 85 92 95 72 56
 74 85 81 70 97 0 60 73 43 69 82 78 75 67 77 56 68 81 58 85 68 97 97 90 74 72 69 56 65 70 60 54 95 51 78 48 56 83 62 94 46 88 52 61 52 88 64 88 74 69 49
 61 85 94 60 99 68 0 63 50 79 73 88 81 69 76 58 71 90 60 87 73 91 102 96 73 73 69 54 63 61 74 62 100 49 88 64 45 78 54 97 40 87 65 62 64 84 54 84 75 66 40
 75 77 92 66 104 71 72 0 41 75 83 90 80 69 74 63 66 91 59 81 85 87 103 98 71 69 72 59 65 72 66 53 87 60 89 57 48 74 63 98 47 87 65 60 63 87 67 81 77 77 47
 54 73 77 55 83 54 57 54 0 57 69 70 70 57 60 44 60 70 49 76 68 82 80 81 64 60 67 38 45 60 56 47 84 41 71 46 41 68 47 77 38 75 50 57 48 72 44 80 64 57 32
 66 94 98 65 103 63 64 69 43 0 75 84 83 69 69 65 76 91 55 97 73 98 93 105 82 70 78 56 60 61 69 64 88 49 81 60 59 72 69 90 48 79 55 71 59 79 64 90 70 72 55
 77 79 103 74 95 70 73 64 49 72 0 95 82 74 67 59 75 88 57 96 81 104 102 93 78 88 84 46 57 77 69 59 104 60 91 61 57 89 64 101 54 90 69 61 59 97 57 85 70 66 47
 75 82 96 76 112 78 73 87 49 86 90 0 76 68 72 71 67 82 63 99 86 106 104 92 70 91 92 51 70 69 79 75 96 64 99 55 67 88 68 97 62 99 64 70 66 90 56 100 75 86 59
 68 80 102 60 92 64 76 81 41 86 83 94 0 80 82 53 74 85 54 83 79 101 97 96 68 71 79 47 56 67 83 53 105 55 100 71 54 77 69 89 44 94 68 64 61 80 63 91 69 72 59
 74 90 95 71 90 68 68 72 37 65 80 84 74 0 72 54 74 75 60 81 75 101 95 89 65 72 81 44 59 71 71 53 87 47 89 62 51 80 51 93 42 80 53 63 63 78 63 81 80 74 44
 77 91 95 60 104 68 66 63 42 82 75 82 86 64 0 52 78 79 52 85 70 100 91 105 79 72 87 54 67 73 77 64 101 51 91 55 56 73 62 98 46 92 68 60 55 92 55 85 79 79 39
 61 76 80 53 89 56 61 69 39 66 73 79 69 57 62 0 59 74 48 87 73 95 83 88 72 65 75 42 60 66 59 50 91 45 79 49 51 72 48 90 38 74 50 56 49 81 47 86 63 59 34
 72 89 94 60 100 66 63 63 40 67 74 76 82 66 75 52 0 75 52 92 78 87 100 102 79 73 74 54 55 73 74 55 88 58 88 58 56 82 61 85 43 78 55 64 52 80 60 81 75 74 43
 82 95 101 76 109 72 85 84 46 89 84 87 89 65 85 66 72 0 60 88 78 102 97 99 73 78 94 68 59 70 76 72 112 69 98 60 66 83 63 104 59 100 57 66 66 97 73 93 78 70 62
 61 74 85 63 96 58 57 59 34 63 74 77 75 65 63 50 66 76 0 76 73 91 90 86 66 70 74 45 52 68 58 49 91 53 80 51 42 69 50 87 47 74 49 62 59 84 49 79 74 59 45
 74 93 106 80 101 69 83 87 59 77 81 104 77 65 79 68 68 96 62 0 90 112 110 110 88 95 79 62 71 85 80 58 99 53 103 68 71 85 68 94 64 84 67 85 76 93 63 98 83 78 48
 82 90 90 72 105 69 63 69 53 83 84 93 91 68 72 52 72 78 57 98 0 106 97 108 80 74 84 46 57 68 68 56 106 53 97 57 50 75 64 88 54 86 73 78 64 95 59 96 74 71 42
 87 92 113 70 104 87 90 94 56 97 85 97 81 91 90 80 78 103 75 88 92 0 100 110 87 90 99 57 63 73 92 72 115 60 111 80 64 79 62 100 61 103 63 68 74 109 62 99 94 74 48
 72 104 98 90 109 70 88 84 53 80 94 85 93 69 87 63 71 88 68 105 80 105 0 108 95 76 94 62 83 88 89 77 105 60 103 77 74 96 67 93 71 89 71 90 67 87 69 104 87 79 53
 89 97 110 66 97 78 83 80 60 83 94 90 86 89 85 65 85 98 60 110 90 105 115 0 95 98 82 74 63 69 89 75 98 62 91 77 54 79 84 107 56 103 61 70 79 85 69 106 75 76 65
 66 78 90 68 93 73 69 79 50 77 82 89 76 74 75 60 71 88 64 90 80 105 88 103 0 70 75 48 70 76 77 52 98 54 87 59 58 76 64 93 56 82 57 70 52 89 59 82 82 81 48
 77 82 102 66 91 59 67 70 40 72 80 79 73 73 84 60 80 84 69 94 89 96 98 91 67 0 82 49 68 66 72 69 100 59 87 57 61 78 55 100 49 94 65 61 57 85 62 83 72 83 43
 69 92 87 70 95 60 75 64 56 76 90 95 91 70 71 52 77 94 59 89 81 91 90 102 85 88 0 46 57 72 80 66 106 53 81 52 48 82 57 92 48 99 62 67 61 81 68 94 79 78 58
 65 80 86 51 85 51 62 63 36 67 68 80 65 57 62 47 63 69 53 75 71 88 83 85 63 68 66 0 53 63 59 44 86 45 75 53 46 68 55 79 42 72 52 55 51 75 48 75 66 64 37
 63 78 88 57 86 63 61 60 37 65 72 85 69 67 73 51 61 83 55 84 67 92 87 97 66 74 69 42 0 61 62 54 90 50 88 54 49 68 49 81 44 88 50 63 57 81 57 91 66 70 35
 69 85 95 62 99 57 61 67 41 77 73 89 78 62 68 58 60 80 49 81 73 94 92 96 68 78 78 51 63 0 76 57 88 50 83 49 47 70 64 91 49 81 56 72 62 79 64 96 70 64 50
 77 90 96 57 99 65 71 66 41 74 83 87 74 71 75 51 71 77 54 86 74 101 101 90 75 77 75 47 59 68 0 65 99 54 84 60 54 75 56 92 54 80 56 65 57 83 57 87 80 66 41
 58 77 81 54 88 61 66 60 40 71 74 74 70 63 66 50 64 73 47 85 73 86 90 88 65 73 72 46 50 57 62 0 85 54 74 52 45 70 48 87 46 81 60 59 49 83 49 82 71 71 36
 72 90 105 85 116 90 73 87 53 73 82 85 98 91 90 80 85 108 70 107 85 120 112 112 97 98 94 59 75 76 92 65 0 55 87 72 66 81 79 117 63 101 68 80 81 99 81 102 87 81 60
 64 73 88 58 92 57 56 61 39 67 73 77 68 60 63 55 55 81 48 83 75 85 89 91 68 65 68 44 57 66 58 45 88 0 82 52 44 68 50 84 36 81 55 63 48 73 52 83 68 67 39
 71 95 107 75 100 71 82 78 43 74 77 101 97 64 87 66 80 85 74 98 89 111 105 99 78 84 91 55 71 84 67 57 105 67 0 72 60 93 61 108 59 84 66 79 59 88 59 105 93 81 45
 68 78 90 60 85 63 62 66 44 65 73 76 78 58 67 55 57 80 46 86 75 95 95 90 63 64 66 48 55 62 62 51 95 54 77 0 42 75 49 83 42 83 58 63 52 83 55 86 74 64 44
 57 71 79 59 92 59 59 56 36 65 71 78 67 53 64 49 60 71 44 79 68 88 85 88 59 62 71 44 52 60 64 53 84 43 77 50 0 70 47 86 44 79 47 61 52 80 50 79 68 60 37
 77 85 98 62 103 66 70 83 46 75 83 91 83 62 86 56 80 78 69 86 72 107 101 92 75 85 85 61 65 80 74 67 109 55 96 71 54 0 56 106 62 92 61 64 61 87 58 88 69 81 42
 64 80 86 66 86 63 61 70 39 61 73 78 79 56 65 47 66 82 48 82 78 93 84 84 66 71 66 52 55 66 66 50 96 45 81 53 42 68 0 90 48 77 54 64 51 85 54 79 73 61 40
 92 100 95 85 98 88 68 83 52 72 79 91 96 84 93 71 68 106 69 87 97 101 113 118 77 80 93 60 76 79 76 73 115 61 90 71 74 96 65 0 64 109 65 69 75 93 70 109 74 77 52
 63 78 76 51 84 53 62 59 38 59 70 72 65 57 58 48 62 74 48 81 64 84 85 85 63 61 64 44 46 53 63 43 83 48 80 48 44 69 45 84 0 76 49 57 47 75 46 78 61 61 38
 82 97 90 81 109 77 66 78 47 70 93 90 91 75 76 63 66 87 74 91 83 109 93 107 81 77 96 70 71 84 82 63 109 65 98 66 57 84 71 111 63 0 73 73 59 101 78 87 72 85 51
 61 77 87 60 89 64 65 60 35 65 75 80 76 57 69 53 67 82 53 78 67 87 90 87 71 73 76 47 61 57 68 58 89 52 86 48 52 69 52 84 46 83 0 67 61 81 51 89 69 64 44
 63 88 82 64 98 57 68 67 42 70 68 86 76 57 76 52 70 75 48 91 75 98 90 91 64 76 75 56 65 60 63 56 87 59 88 52 43 76 62 94 46 79 65 0 64 88 57 89 72 64 43
 69 75 80 54 92 55 60 59 36 73 70 77 73 61 63 47 64 74 46 78 73 84 94 86 63 69 66 45 54 59 69 50 90 45 79 47 52 68 55 82 48 87 54 60 0 78 58 87 65 70 44
 83 90 104 74 94 83 75 83 55 70 92 88 80 82 70 61 69 80 73 87 80 94 110 113 72 89 95 67 62 75 67 75 108 72 85 55 59 80 60 93 54 93 58 74 62 0 62 94 79 80 53
 69 85 87 55 96 56 57 64 41 67 76 78 77 55 66 54 58 74 57 78 74 86 85 94 73 71 74 47 51 66 60 58 91 43 77 52 50 74 51 84 38 81 60 64 60 73 0 86 69 64 35
 79 98 104 77 97 83 84 81 51 82 93 90 81 74 80 60 69 90 58 106 98 94 111 96 93 87 98 68 74 84 79 76 107 68 107 76 59 95 62 95 67 85 81 83 58 90 64 0 92 81 62
 66 80 99 67 90 72 72 78 53 81 77 78 74 67 73 68 67 85 53 83 88 106 100 89 68 76 77 48 68 77 63 61 100 60 97 66 45 84 59 89 49 93 59 70 53 81 59 84 0 70 49
 67 93 97 67 94 72 77 65 52 73 84 79 74 65 70 52 65 90 56 82 84 96 97 89 76 76 73 55 53 73 65 63 92 52 95 60 55 87 63 101 55 80 66 70 58 77 61 85 76 0 46
 56 71 76 54 81 49 55 58 30 60 61 69 68 55 62 46 53 67 47 73 62 83 83 81 64 66 68 37 45 57 59 48 81 39 71 42 41 66 45 78 35 73 47 52 45 76 45 75 59 60 0

 0 55 74 64 85 85 53 35 41 48 60 42 82 40 42 70 58 54 50 74 75 64 51 48 78 80 29 71 30 82 82 51 57 68 66 56 69 59 74 40 58 80 75 30 60 71 84 73 50 65 54
 56 0 92 60 88 98 48 52 52 52 76 49 92 38 54 74 71 53 64 72 89 68 67 58 88 88 37 82 44 90 84 52 55 71 73 74 75 62 80 56 70 81 88 41 67 89 80 68 58 73 60
 60 65 0 68 90 108 60 51 58 56 86 76 91 56 65 74 81 69 74 88 91 68 66 53 91 92 39 98 61 94 106 69 66 95 92 85 92 75 91 67 74 86 86 41 78 98 91 75 59 71 81
 55 70 88 0 97 91 57 55 48 58 68 51 92 42 61 78 65 67 51 88 89 69 64 61 78 93 40 78 37 97 85 52 57 81 69 65 86 70 77 43 68 87 93 42 72 78 96 76 58 67 60
 63 88 99 77 0 118 69 55 53 75 77 79 95 70 74 75 84 64 61 83 107 84 86 56 89 108 50 102 53 103 98 74 86 96 77 85 86 73 80 69 71 109 92 60 85 89 112 79 75 84 81
 52 70 95 83 102 0 63 51 57 82 79 57 94 50 57 81 69 84 76 89 107 69 69 74 92 93 51 107 61 114 97 73 81 85 82 89 104 76 95 57 78 96 103 57 87 104 114 82 74 90 78
 42 63 78 66 92 95 0 42 40 55 67 50 89 41 47 75 56 55 55 73 75 65 63 48 73 82 39 74 41 83 83 55 55 75 74 64 72 69 70 43 62 80 84 39 62 83 77 65 49 72 62
 38 53 75 61 83 81 48 0 32 46 57 44 75 32 49 61 61 50 45 74 78 55 53 45 77 82 29 75 30 77 77 50 50 69 69 59 71 59 66 40 54 72 79 28 53 73 76 65 48 66 62
 37 55 77 58 80 87 47 36 0 44 63 48 79 36 47 67 61 55 44 67 71 55 48 45 71 81 26 70 33 77 75 51 48 69 66 59 71 56 71 38 55 79 78 27 56 75 74 70 46 60 61
 45 55 79 63 89 95 50 45 47 0 69 51 83 47 56 66 62 58 52 70 73 64 55 53 73 90 38 84 37 90 79 60 63 75 68 59 76 68 80 43 61 80 80 34 58 84 82 74 54 71 59
 54 67 93 67 93 102 60 44 43 53 0 63 83 44 50 79 73 64 58 77 93 67 61 52 83 97 34 79 49 85 90 69 69 82 70 70 90 72 87 44 62 88 88 49 70 93 86 73 58 75 70
 48 56 86 62 84 90 54 39 46 55 67 0 88 38 55 70 63 52 55 72 74 62 52 52 81 86 31 79 39 81 84 59 53 74 76 57 69 60 74 47 59 83 79 30 60 72 85 72 50 61 56
 72 81 93 82 102 105 60 54 54 74 83 55 0 63 77 74 84 76 66 98 90 82 64 71 90 91 62 101 51 113 88 79 84 79 95 79 87 87 96 59 75 96 93 50 79 87 90 82 71 84 89
 38 50 74 59 77 80 47 36 36 48 56 41 79 0 41 60 55 50 48 68 77 58 48 42 69 77 30 75 31 82 78 51 50 71 62 60 72 56 66 44 54 78 72 28 52 75 75 67 51 62 61
 43 64 86 60 89 84 47 38 35 54 64 45 84 41 0 70 59 59 58 78 72 59 59 43 82 91 37 73 43 87 86 59 57 79 67 66 80 65 69 42 62 82 78 40 54 72 88 70 55 64 57
 54 77 95 64 100 98 55 58 46 58 67 66 99 57 57 0 71 61 60 84 82 80 75 61 79 91 35 80 47 91 87 58 58 90 73 69 91 65 74 56 61 87 87 49 77 80 88 80 53 77 62
 54 61 90 75 89 90 55 42 49 58 72 61 94 42 59 67 0 61 58 84 84 71 68 59 91 93 48 91 37 95 96 58 58 75 70 63 73 73 87 46 64 83 91 34 60 89 90 78 54 76 61
 49 55 84 69 95 87 50 46 38 59 67 52 84 42 55 68 69 0 51 74 86 60 58 48 87 83 38 74 45 92 89 50 63 79 77 67 83 68 77 54 65 76 83 41 65 81 82 72 50 72 63
 46 62 84 60 93 93 54 45 38 53 64 57 81 43 57 66 64 61 0 72 84 61 60 47 74 81 42 83 33 91 78 53 58 76 69 68 71 67 76 41 57 85 87 37 60 80 90 68 50 68 66
 48 79 91 66 88 107 65 62 51 73 87 72 93 61 52 72 76 64 61 0 82 80 75 52 100 88 51 84 56 104 91 72 73 92 77 69 78 79 90 61 79 82 82 42 65 94 103 77 71 74 76
 51 76 91 71 107 92 71 54 44 61 72 57 94 52 67 93 69 65 77 87 0 73 71 62 90 95 40 100 55 93 88 78 69 91 95 69 91 72 93 53 78 104 104 40 64 102 88 86 56 70 73
 56 62 82 71 95 87 53 52 48 62 64 63 81 42 48 78 73 55 55 76 78 0 64 52 89 88 44 84 51 95 86 61 64 83 76 69 88 70 75 45 68 79 88 34 72 87 92 82 51 66 60
 50 60 86 63 89 88 58 52 45 57 64 58 86 44 54 76 61 55 54 80 76 65 0 58 79 93 32 76 35 94 80 57 64 70 68 66 74 72 79 51 62 80 85 42 60 83 93 75 54 65 58
 46 52 76 60 87 85 49 40 35 48 65 50 83 37 50 68 56 55 52 75 79 58 54 0 79 85 35 81 33 79 84 58 54 78 70 60 71 62 75 39 56 75 75 34 59 79 76 70 51 63 57
 49 70 95 81 89 94 71 62 54 69 82 57 90 60 65 91 65 80 70 87 96 67 67 60 0 105 59 90 55 97 102 64 65 81 92 83 99 68 89 65 78 93 83 46 74 86 98 84 62 86 81
 72 88 87 88 115 99 62 69 53 69 71 58 93 58 60 96 72 62 59 88 96 81 79 56 105 0 41 84 48 94 93 65 70 91 88 83 90 75 89 53 85 102 92 47 69 89 109 79 79 72 72
 34 52 70 51 80 79 46 35 30 42 60 41 73 30 42 61 53 45 43 70 72 57 50 41 70 75 0 68 30 76 78 46 48 63 65 57 69 57 66 39 48 75 69 26 52 67 77 63 43 56 55
 53 83 97 79 95 102 61 50 50 71 86 55 107 44 69 73 65 69 56 81 94 79 69 64 90 95 42 0 55 103 96 74 63 83 80 81 97 86 77 69 64 95 83 52 74 100 107 80 74 84 79
 41 50 77 56 82 81 44 32 35 47 55 42 73 33 40 64 56 48 47 67 69 59 54 42 73 76 25 68 0 81 75 49 53 66 65 54 72 57 71 37 56 72 71 29 52 74 78 61 43 63 59
 58 83 110 91 112 99 69 48 60 69 71 76 100 67 76 80 86 62 72 99 89 68 86 56 86 105 47 105 62 0 112 67 79 84 88 74 90 89 93 56 78 106 92 51 74 98 105 81 82 79 77
 61 66 90 73 113 111 69 51 48 74 89 66 92 68 63 78 89 83 80 93 96 75 73 53 85 91 57 85 49 113 0 70 69 79 93 79 80 92 92 59 79 107 100 41 79 101 99 84 69 93 69
 47 54 86 70 81 90 53 44 49 54 71 51 83 36 56 77 60 54 54 80 76 65 53 47 86 87 35 78 46 86 88 0 61 80 72 71 72 70 73 49 67 88 86 36 64 78 82 67 58 63 65
 46 56 86 70 94 86 49 52 38 53 66 55 88 42 53 70 59 53 50 73 80 59 55 53 84 87 43 75 38 83 79 61 0 74 70 68 78 72 70 51 67 85 85 39 58 77 87 78 63 64 65
 49 68 85 69 105 92 55 52 52 70 80 71 85 56 63 79 73 67 55 96 99 71 74 52 82 93 48 82 57 89 86 60 72 0 80 78 79 80 77 66 80 95 91 49 68 93 92 78 74 85 75
 62 60 93 75 94 99 70 45 43 52 66 54 94 56 56 83 66 71 59 80 81 72 60 54 92 99 41 88 42 97 98 62 72 93 0 71 78 84 75 57 60 81 86 53 70 83 100 84 72 85 79
 54 71 84 60 90 103 59 47 50 60 72 51 87 42 56 77 62 57 67 77 90 65 57 51 80 98 45 78 39 93 97 53 69 78 83 0 83 79 81 44 73 89 83 39 59 86 90 71 59 72 71
 55 73 97 76 100 109 69 46 45 57 83 60 101 63 62 73 84 64 67 81 81 66 79 58 81 94 55 94 52 100 97 62 63 78 77 67 0 71 86 59 65 100 92 40 79 88 91 81 75 82 82
 50 64 90 75 85 92 60 41 41 66 80 63 94 49 55 70 61 56 55 87 85 69 56 60 90 101 50 80 40 89 86 59 62 85 71 75 85 0 76 47 61 91 82 35 69 93 90 84 63 68 64
 53 76 87 65 107 106 66 63 62 66 74 61 90 43 55 79 71 59 66 96 82 69 74 50 82 105 38 97 40 88 104 62 61 87 84 69 88 72 0 55 80 95 95 55 74 80 92 86 66 74 69
 38 53 74 61 81 85 50 40 42 47 67 48 78 37 49 70 55 55 52 68 79 62 52 43 72 80 37 71 32 83 75 47 54 72 65 65 73 58 69 0 60 74 74 32 53 78 81 70 54 59 60
 43 61 82 61 97 87 54 43 52 59 64 56 81 50 48 74 66 54 64 73 78 68 64 53 82 84 43 75 40 90 81 52 58 71 72 74 82 70 75 43 0 91 86 44 65 79 85 77 58 77 68
 70 73 96 74 92 95 63 52 45 76 73 56 99 51 70 75 87 76 67 79 82 76 74 54 97 90 49 101 54 108 89 69 78 78 87 88 92 79 80 57 84 0 88 57 81 93 87 75 67 78 87
 66 71 87 74 92 97 68 63 51 72 87 72 95 47 72 84 76 76 71 98 97 82 78 52 103 111 51 99 58 102 87 60 67 84 91 78 85 79 80 49 77 105 0 55 69 97 89 81 57 87 80
 41 50 72 57 75 85 42 38 34 41 56 42 72 33 42 64 56 48 44 66 74 53 48 42 73 78 28 69 33 76 74 48 47 65 61 56 70 60 68 41 54 71 71 0 51 73 73 66 43 62 52
